001.xml, 0.082866, 1, 3, 2, 4
002.xml, 0.000511, 3, 1, 4, 2, 3
003.xml, 0.002372, 1, 3, 2, 4, 1, 4, 3
004.xml, 0.000309, 1, 3, 2, 3, 1, 4, 2, 3, 1, 4, 2, 4
005.xml, 0.001523, 1, 3, 2, 3, 1, 4, 3, 1, 4, 2, 3, 2
006.xml, 0.002757, 3, 1, 2, 4, 1, 3, 2, 4, 3, 2, 3, 1, 4, 3, 2, 4, 1, 3, 4, 1, 4
007.xml, 0.000525, 3, 1, 2, 4, 1, 3, 2, 4, 3, 1, 4, 2
008.xml, 0.00023, 1, 3, 1, 4, 2, 3, 1
009.xml, 0.003381, 3, 1, 4, 1, 3, 2, 4, 3, 1, 4, 2, 1, 3, 2, 4, 1, 2, 3, 1, 4, 2, 1
010.xml, 0.000618, 3, 1, 3, 4, 2, 4, 1, 3, 1, 4, 2, 3, 2, 4
011.xml, 0.000341, 1, 3, 2, 4, 1, 3, 2, 4, 1, 3, 2, 4
012.xml, 0.000643, 3, 4, 1, 3, 2, 3, 1, 4, 3, 1, 3, 2, 4, 2, 1
013.xml, 0.000303, 1, 3, 2, 4, 2, 3, 2, 4
014.xml, 0.000226, 3, 1, 4, 2, 3, 1, 4, 2
015.xml, 0.000538, 3, 1, 3, 4, 2, 4, 1, 3, 2, 3, 2, 4, 1, 2, 3, 1, 4, 2
016.xml, 0.002317, 1, 3, 2, 1, 4, 2, 3, 1, 4, 3, 1, 2, 4, 1, 4, 2, 3, 4
017.xml, 0.014255, 3, 1, 2, 4, 1, 3, 2, 4, 3, 1, 4, 2, 1, 3, 2, 4, 1, 2, 3, 1, 4, 3, 2, 4, 1, 4, 3, 2
018.xml, 0.014166, 1, 2, 3, 1, 3, 1, 4, 1, 2, 3, 2, 4, 2, 3, 1, 3, 4, 2, 4, 1, 3, 2, 1, 4, 2, 3, 2, 1, 4, 1, 3, 1, 3, 2, 3, 4, 1, 4, 2, 3
019.xml, 0.000528, 3, 4, 1, 3, 2, 4, 3, 1, 3, 2, 3, 2, 4, 2, 1, 4, 2
020.xml, 0.025964, 1, 3, 1, 3, 2, 3, 2, 4, 1, 4, 3, 2, 3, 1, 4, 3, 1, 3, 2, 4, 3, 1, 2, 4, 2, 1, 3, 4, 1, 2, 3, 2, 4, 3, 1, 4, 2, 1
021.xml, 0.001623, 3, 1, 2, 4, 1, 4, 3, 2, 4, 1, 2, 3, 1, 3, 2, 4, 2, 1, 3, 1, 4, 2, 3, 2, 3, 1
022.xml, 0.007988, 1, 3, 2, 4, 3, 1, 4, 2, 3, 1, 3, 2, 4, 3, 2, 4, 1, 4, 3, 1, 2, 4, 1, 3, 2, 1, 4, 2, 4, 1, 3, 2, 4, 2, 1
023.xml, 0.001003, 3, 1, 4, 3, 2, 4, 1, 3, 2, 4, 1, 2, 4, 1, 3, 2, 4, 3, 1, 4, 2, 3, 1, 4, 1, 4
024.xml, 0.000555, 3, 1, 4, 2, 3, 2, 1, 4, 1, 3, 2, 4, 1, 3
025.xml, 0.000989, 3, 1, 2, 4, 1, 3, 2, 4, 3, 1, 4, 1, 2, 3, 1, 4
026.xml, 0.000445, 1, 3, 2, 4, 1, 2, 3, 1, 4, 2, 3, 1, 3, 2, 4, 3, 2
027.xml, 0.000934, 3, 1, 4, 3, 2, 4, 1, 3, 1, 4, 3, 2, 4, 1, 2, 3, 2, 3, 1, 4, 1
028.xml, 0.0004, 3, 1, 4, 3, 2, 4, 1, 3, 2, 4, 2, 1
029.xml, 0.000426, 1, 2, 3, 1, 4, 2, 3, 1, 4, 2
030.xml, 0.048677, 1, 2, 3, 1, 4, 3, 2, 4, 1, 4, 2, 1, 3, 2, 3, 1, 4, 1, 3, 2, 4, 3, 2, 1, 4, 1, 3, 2, 1, 4, 2, 3, 2, 4, 1, 4, 2, 3, 4, 2, 1, 3, 4, 2, 3, 4, 1, 3
031.xml, 0.027456, 1, 2, 3, 1, 3, 2, 4, 3, 1, 4, 2, 3, 4, 1, 4, 2, 3, 4, 2, 3, 2, 1, 4, 3, 1, 4, 2
032.xml, 0.002623, 1, 3, 4, 2, 3, 1, 4, 2, 4, 3, 1, 4, 2, 1, 3, 2, 4, 1, 3, 2, 1, 4, 2, 1
033.xml, 0.000289, 3, 1, 2, 4, 1, 3, 2, 3, 1, 4, 2
034.xml, 0.002015, 1, 3, 2, 1, 4, 2, 3, 1, 4, 2, 1, 3, 2, 4, 3, 1, 4, 2, 3
035.xml, 0.01096, 3, 1, 2, 4, 1, 3, 2, 4, 3, 2, 1, 4, 2, 3, 4, 2, 1, 4, 2, 3, 2, 4
036.xml, 0.0147, 1, 2, 3, 1, 4, 2, 1, 3, 2, 3, 4, 2, 1, 4, 2, 1, 3, 2, 4, 2, 3
037.xml, 0.013495, 1, 3, 2, 4, 3, 1, 4, 3, 2, 4, 3, 1, 4, 3, 2, 4, 1, 2, 3, 1, 4, 2
038.xml, 0.031442, 3, 1, 2, 4, 1, 3, 2, 1, 4, 2, 3, 4, 1, 3, 2, 4, 1, 2, 3, 2, 1, 4, 2, 1, 3, 2, 4, 1, 4, 2
039.xml, 0.001152, 1, 2, 3, 1, 4, 3, 1, 4, 2, 1, 3, 2, 3, 1, 3, 2, 1, 4, 2, 4, 1, 3, 1, 3
040.xml, 0.007171, 1, 3, 2, 4, 1, 2, 3, 1, 4, 2, 3, 4, 1, 3, 4, 2, 3, 2, 1, 3
041.xml, 0.025109, 3, 1, 2, 4, 1, 3, 2, 4, 3, 2, 1, 4, 2, 1, 3, 2, 4, 3, 2, 4, 1, 2, 3, 1, 2, 4, 1, 4
042.xml, 0.006301, 3, 1, 2, 4, 1, 3, 1, 2, 4, 1, 3, 4, 2, 4, 3, 1, 4, 1, 2, 4, 3, 1, 4, 2, 1, 3
043.xml, 0.006372, 1, 2, 3, 1, 3, 1, 4, 2, 4, 1, 2, 3, 1, 4, 2, 1, 3, 2, 4, 2, 4, 1, 3, 4, 1, 3, 2, 1, 4, 2, 3, 2, 1, 3, 2
044.xml, 0.034643, 1, 3, 2, 1, 4, 2, 3, 1, 4, 2, 3, 4, 1, 3, 2, 3, 4, 1, 4, 3, 2, 1, 4, 2, 3, 1, 2, 4, 3, 1, 4, 3, 2, 4, 1, 4, 1, 4
045.xml, 0.000666, 1, 2, 3, 1, 4, 2, 3, 1, 4, 2, 3, 1, 4, 2
046.xml, 0.000711, 3, 1, 4, 1, 3, 2, 4, 1, 3, 2, 1, 4, 2, 3, 1, 3, 4, 2, 3
047.xml, 0.309386, 3, 1, 4, 2, 1, 3, 2, 1, 4, 2, 1, 3, 2, 1, 4, 2, 1, 3, 2, 1, 4, 2, 1, 3, 1
048.xml, 0.009068, 1, 3, 2, 1, 4, 2, 3, 1, 4, 2, 3, 2, 4, 1, 2, 4, 1, 3, 2, 1, 4, 1, 3, 2, 1, 4, 2, 3, 1, 4, 2, 4, 2, 4, 1, 3, 2, 1, 4, 2, 3, 1, 4, 1, 3, 4, 2, 3, 1, 4, 3
049.xml, 0.004135, 3, 1, 4, 2, 1, 3, 1, 4, 1, 2, 3, 1, 2, 4, 1, 4, 2, 3, 4, 1, 3, 2, 4, 1, 3, 2
050.xml, 0.018271, 1, 3, 2, 4, 1, 2, 4, 1, 3, 4, 2, 3, 1, 3, 1, 4, 2, 1, 3, 2, 4, 1, 2, 3, 4, 1, 3, 1, 3, 4, 2, 4, 1, 3, 1, 4, 2, 4
051.xml, 0.05467, 3, 1, 2, 4, 1, 3, 2, 1, 3, 1, 2, 3, 2, 4, 1, 2, 3, 1, 4, 2, 4, 3, 1, 4, 2, 3, 4, 1, 4, 1, 4, 2, 3, 4, 1, 3, 2, 3, 2, 1, 3, 2, 1, 4
052.xml, 0.008177, 3, 1, 4, 1, 4, 3, 2, 3, 2, 4, 1, 3, 2, 4, 1, 2, 3, 1, 3, 2, 4, 3, 2, 3, 4, 1, 4, 1
053.xml, 0.387188, 1, 3, 2, 4, 3, 1, 4, 3, 2, 4, 3, 1, 4, 3, 2, 4, 3, 1, 4, 2, 4, 1, 3, 4, 2, 3, 4, 1, 3, 4, 2, 4, 1
054.xml, 0.002635, 3, 4, 1, 3, 1, 4, 2, 1, 3, 2, 4, 2, 1, 3, 1, 4, 3, 2, 4, 2, 1, 4, 1, 3, 4, 2, 3, 2, 4, 1, 3, 1, 2, 4, 1, 3, 1, 3, 2
055.xml, 0.309146, 1, 3, 1, 4, 3, 1, 2, 4, 1, 2, 4, 2, 4, 2, 4, 1, 2, 3, 1, 3, 1, 3, 4, 2, 1, 3, 4, 2, 1, 4, 2, 4, 2, 3, 1, 3, 1, 2, 3, 1, 4, 2, 4, 3, 1, 2, 3, 2, 1, 4, 2
056.xml, 0.106836, 1, 3, 2, 1, 4, 2, 3, 1, 4, 3, 1, 4, 3, 2, 4, 1, 4, 2, 3, 2, 1, 3, 4, 2, 1, 4, 1, 3, 2, 1, 4, 2, 3, 2, 1, 4, 3, 2
057.xml, 2.568306, 1, 3, 4, 2, 3, 1, 4, 3, 2, 4, 1, 4, 2, 1, 3, 2, 3, 1, 3, 2, 4, 2, 1, 3, 2, 1, 3, 1, 2, 4, 1, 3, 4, 1, 4, 1, 4, 2, 3, 2, 1, 4, 1, 3, 2, 3, 2, 1, 4, 1, 4, 2, 1, 3, 2, 1, 4, 2, 3, 4, 2, 3, 4, 1, 3, 2, 3, 4, 1, 4, 2, 3, 2, 4, 1, 3, 4, 2, 3, 2, 4, 2
058.xml, 3.458135, 1, 2, 3, 1, 4, 2, 1, 4, 1, 3, 2, 1, 4, 2, 3, 1, 4, 2, 1, 3, 1, 4, 3, 2, 4, 3, 2, 3, 4, 2, 3, 4, 1, 3, 1, 2, 4, 1, 2, 3, 1, 4, 3, 2, 4, 1, 2, 3, 1, 4, 2, 1, 4, 2, 4, 2, 1, 3, 2, 1, 3, 1, 3, 2, 4, 1, 3, 4, 2, 3, 1, 4, 2, 4, 2, 1, 4, 2, 4, 3, 1, 4, 2, 4, 2, 3, 4, 2, 3, 1, 4, 3, 1, 3, 4, 2, 4
059.xml, 0.011651, 3, 1, 2, 4, 1, 4, 2, 3, 4, 1, 3, 1, 4, 2, 3, 4, 1, 3, 1, 3, 2, 4, 1, 4, 3, 2, 3, 1, 4, 2, 3, 2, 3, 2, 4, 1
060.xml, 0.012293, 3, 1, 4, 3, 2, 4, 1, 4, 3, 2, 4, 1, 3, 2, 4, 3, 1, 4, 2, 3, 2, 1, 3, 2, 4, 3, 1, 4, 2, 4, 3, 1, 4, 1, 3, 2, 4, 3, 1, 4, 2, 3
061.xml, 0.050159, 1, 2, 3, 1, 4, 3, 1, 4, 2, 1, 4, 1, 4, 2, 3, 4, 1, 3, 2, 4, 1, 3, 2, 1, 4, 3, 1, 4, 2, 3, 1, 4
062.xml, 0.13186, 1, 3, 4, 2, 3, 1, 3, 4, 1, 4, 2, 3, 4, 1, 3, 2, 4, 3, 2, 4, 3, 1, 4, 1, 2, 4, 1, 4, 3, 1, 4, 2, 3, 4, 1, 2, 4, 1, 3, 2, 1, 4, 1, 3, 2, 1, 4, 2, 3, 1, 3
063.xml, 0.021347, 3, 1, 2, 4, 1, 3, 2, 3, 1, 4, 2, 1, 3, 4, 1, 2, 3, 1, 4, 3, 2, 3, 1, 2, 3, 1, 4, 3, 2, 4, 1, 4, 2, 3, 1, 2, 4, 1, 3, 2, 3, 1, 4, 2, 1, 4, 3, 1, 4, 2, 1, 3, 2, 4, 3, 1, 2, 4
064.xml, 0.379451, 1, 2, 3, 1, 4, 2, 1, 4, 2, 1, 4, 2, 1, 3, 2, 4, 3, 2, 3, 1, 4, 3, 2, 4, 1, 3, 4, 1, 3, 1, 2, 4, 1, 2, 3, 1, 4, 3, 1, 4, 2, 1, 3, 2, 4, 2, 4
065 dan.xml, 0.006154, 1, 3, 1, 2, 4, 2, 3, 1, 3, 1, 3, 1, 4, 2, 3, 2, 1, 3, 1, 2, 4, 2, 3, 1, 3, 2, 4, 1, 4, 3
066 dan.xml, 0.004736, 1, 2, 3, 1, 4, 2, 1, 4, 3, 2, 4, 1, 3, 2, 1, 4, 2, 3
067 dan.xml, 0.001688, 3, 1, 4, 2, 3, 2, 1, 4, 1, 3, 2, 4, 1, 3, 1, 4, 2, 4, 1, 3, 1, 3, 2, 3, 1, 2, 4, 1, 2, 3
068 dan.xml, 0.001134, 1, 3, 2, 1, 4, 2, 3, 1, 4, 1, 3, 2, 1, 4, 2, 3, 1, 4
069 dan.xml, 0.01476, 3, 1, 3, 4, 2, 4, 1, 3, 1, 4, 1, 3, 2, 3, 2, 3, 1, 4, 2, 4, 1, 3, 2, 1, 4, 2, 3, 1, 3, 2, 4, 1, 3, 4, 1, 4, 1, 4, 2, 3, 2, 4, 2, 3, 1, 3, 2, 3, 1, 4, 1, 2, 3, 2, 4, 1, 4, 3, 2, 1
070 dan.xml, 0.001314, 1, 3, 1, 2, 4, 2, 3, 1, 4, 1, 3, 2, 3, 2, 4, 3, 1, 4, 1, 4, 2, 3, 1
071 dan.xml, 0.127928, 1, 3, 2, 4, 3, 1, 4, 2, 3, 1, 3, 1, 4, 2, 3, 2, 1, 4, 1, 3, 2, 4, 2, 4, 3, 1, 3, 2, 4, 2, 1, 3, 1, 4, 2, 3, 2, 4, 1, 2, 3, 1, 4, 1, 3, 1, 4, 2, 1, 4, 2, 3, 4, 1, 3, 1, 4, 1, 3, 4, 2, 3, 2, 1
072 dan.xml, 0.002682, 3, 1, 4, 2, 1, 3, 2, 4, 1, 3, 2, 4, 1, 2, 3, 1, 4, 2, 3, 4, 2, 3, 1, 4
073 dan.xml, 0.059272, 1, 3, 2, 1, 4, 2, 3, 1, 3, 2, 3, 1, 4, 2, 1, 4, 3, 1, 4, 2, 1, 3, 2, 4, 1, 4, 3, 1, 4, 2, 4, 1, 2, 3, 1, 4, 2, 3, 4, 1, 3, 2, 1, 4, 2, 3
074 dan.xml, 0.001144, 3, 1, 2, 4, 1, 3, 1, 4, 2, 3, 1, 3, 4, 2, 3, 1, 4
075 dan.xml, 0.00128, 1, 3, 2, 4, 1, 2, 3, 1, 4, 2, 3, 1, 4, 2, 3, 4, 1, 3, 2, 3, 1
076 dan.xml, 0.017056, 1, 3, 4, 2, 3, 1, 4, 1, 3, 2, 4, 1, 2, 3, 1, 4, 3, 1, 2, 4, 2, 3, 1, 2, 4, 1, 3, 4, 1, 2, 3, 1, 4
077 dan.xml, 0.00154, 1, 3, 4, 2, 3, 1, 4, 2, 3, 1, 4, 3, 2, 1, 4
078 dan.xml, 0.001539, 3, 1, 2, 4, 1, 3, 2, 3, 2, 4, 1, 4, 2, 1, 3, 1, 4, 2, 3, 2, 3
079 dan.xml, 0.004792, 3, 1, 4, 1, 3, 2, 4, 3, 1, 4, 2, 3, 2, 4, 1, 3, 1, 3, 4, 1, 3, 2, 4, 2, 1, 3, 1, 4, 2, 4, 1, 3, 4, 2, 3, 2, 4, 1, 4
080 dan.xml, 0.001432, 1, 3, 1, 2, 4, 2, 3, 1, 4, 1, 4, 1, 3, 2, 3, 2, 3, 1, 4, 2, 3, 2, 4, 1, 2, 3, 1, 4, 1, 3, 2, 4, 1
081 dan.xml, 0.000749, 1, 3, 1, 3, 1, 2, 4, 2, 4, 2, 3, 1, 4, 1, 4, 2, 3, 2, 4, 1, 3, 2, 4, 1
082 dan.xml, 0.003981, 3, 1, 3, 4, 2, 4, 1, 4, 1, 3, 1, 2, 4, 1, 4, 3, 2, 4, 1, 2, 3, 1, 3, 4, 2, 4, 2, 4, 1, 4, 2, 3, 1, 3, 2, 3, 2, 4, 2, 1, 4
083 dan.xml, 0.001284, 3, 1, 4, 3, 2, 4, 1, 3, 2, 3, 2, 4, 2, 1, 3, 2, 3, 2, 4, 3, 1, 4, 1, 4, 2, 3, 1, 4, 1, 4
084 dan.xml, 0.004208, 3, 1, 2, 4, 1, 3, 2, 4, 1, 3, 4, 2, 3, 2, 4, 3, 1, 4, 2, 3, 4, 1, 4, 2, 4, 2, 1, 3, 2
085 dan.xml, 0.061341, 1, 4, 1, 3, 2, 4, 3, 1, 4, 2, 3, 2, 3, 1, 4, 1, 4, 1, 3, 2, 4, 3, 1, 4, 1, 3, 2, 4, 2, 1, 3, 2, 4, 3, 1, 4, 2, 3, 2, 4, 1, 2, 3, 4, 2, 4, 1, 2, 3, 1, 2, 4, 1, 2, 3, 1
086 dan.xml, 0.014787, 3, 1, 4, 2, 4, 3, 1, 3, 2, 4, 1, 3, 1, 4, 2, 1, 3, 2, 3, 2, 4, 3, 1, 4, 1, 3, 2, 1, 4, 2, 3, 2, 4, 3, 1, 4, 1, 3, 1, 2, 4, 2, 3, 1, 4, 2, 4, 2, 3, 4, 1, 3, 2
087 dan.xml, 0.00299, 3, 1, 3, 1, 3, 2, 3, 4, 1, 4, 2, 4, 2, 4, 1, 3, 1, 4, 1, 3, 1, 3, 2, 1, 4, 2, 3, 2, 1, 3, 1, 4, 2, 1, 3, 2, 3, 2, 4
088 dan.xml, 0.011933, 1, 4, 2, 3, 4, 1, 3, 2, 3, 1, 3, 1, 3, 2, 1, 4, 2, 4, 3, 2, 4, 1, 3, 2, 3, 1, 4, 3, 2, 4, 1, 3, 1, 4, 2, 3, 4, 1, 3, 2, 4, 1, 4, 2, 3, 2, 4, 2, 3, 2
089 dan.xml, 0.095218, 3, 1, 3, 2, 3, 1, 3, 2, 3, 1, 4, 3, 2, 4, 1, 4, 2, 4, 1, 4, 2, 4, 1, 3, 2, 1, 3, 2, 1, 4, 2, 4, 1, 2, 3, 1, 4, 1, 4, 2, 3, 4, 1, 3, 2, 1, 3, 2, 4, 3, 2, 4, 2, 3, 1, 2, 4, 1, 3, 2
090 dan.xml, 0.010918, 3, 1, 4, 2, 1, 3, 2, 4, 1, 3, 2, 1, 3, 2, 4, 1, 4, 1, 3, 2, 4, 3, 1, 4, 2, 3, 2, 4, 1, 2, 3, 1, 4, 2, 4, 3, 1, 3, 1, 3, 2, 4, 2, 4
091 dan.xml, 0.433782, 1, 3, 4, 2, 3, 1, 4, 2, 1, 3, 1, 3, 2, 4, 3, 1, 4, 2, 3, 2, 4, 1, 4, 2, 4, 1, 4, 3, 2, 3, 1, 3, 4, 2, 4, 3, 1, 3, 2, 4, 3, 1, 4, 1, 3, 2, 1, 4, 2, 3, 1, 3, 4, 2, 1
092 dan.xml, 0.210765, 1, 3, 4, 2, 3, 1, 4, 3, 1, 4, 3, 1, 3, 2, 4, 3, 2, 4, 2, 4, 1, 3, 1, 2, 4, 2, 3, 1, 4, 1, 4, 3, 2, 3, 2, 4, 3, 1, 4, 1, 2, 3, 1, 4, 3, 2, 4, 1, 2, 4, 1, 3, 1, 3, 4, 2, 3, 1, 4, 2, 1, 4, 2, 1, 3, 2
093 dan.xml, 0.248929, 1, 3, 1, 2, 4, 2, 3, 1, 3, 2, 4, 1, 3, 2, 4, 3, 1, 4, 2, 3, 1, 4, 3, 2, 4, 3, 1, 4, 2, 1, 3, 1, 4, 1, 3, 2, 3, 1, 4, 2, 3, 1, 2, 4, 1, 3, 2, 4, 1, 4, 2, 3, 1, 2, 4, 2, 4, 3, 1, 3
094 dan.xml, 0.140724, 1, 2, 3, 1, 4, 1, 3, 2, 1, 4, 2, 1, 4, 2, 1, 3, 1, 2, 3, 1, 4, 3, 2, 4, 2, 3, 2, 1, 3, 2, 1, 4, 2, 3, 2, 4, 2
095 dan.xml, 0.002357, 3, 1, 2, 4, 1, 3, 2, 4, 2, 4, 3, 1, 3, 1, 4, 2, 4, 2, 3, 1, 3, 2, 4, 2, 1, 3, 1, 4
096 dan.xml, 0.001029, 3, 1, 4, 1, 3, 2, 4, 3, 1, 4, 2, 3, 2, 4, 1, 4, 1, 3, 4, 2, 3, 1, 4, 1
097 dan.xml, 0.023099, 3, 1, 2, 4, 1, 4, 2, 3, 4, 1, 3, 1, 4, 2, 1, 3, 2, 4, 3, 1, 4, 2, 3, 1, 4, 2, 3, 2, 4, 1, 2, 3, 2, 4
098 dan.xml, 0.10836, 1, 3, 4, 2, 3, 1, 3, 2, 4, 3, 1, 4, 3, 2, 4, 3, 1, 4, 2, 3, 1, 2, 4, 1, 3, 2, 4, 3, 2, 4, 1, 3, 2, 1, 4, 2, 4, 1, 3, 2, 1, 4, 2, 1, 3, 4, 2, 3, 2
099 dan.xml, 0.023539, 1, 2, 3, 1, 4, 3, 2, 4, 3, 1, 4, 3, 2, 4, 2, 3, 1, 2, 4, 1, 4, 2, 1, 3, 2, 4, 3, 1, 3, 2, 4, 3, 1, 4, 1, 3, 4, 2, 3, 2, 3, 1, 4, 2
100.xml, 0.132103, 3, 1, 2, 4, 1, 4, 2, 4, 1, 3, 4, 2, 3, 2, 4, 1, 4, 3, 2, 4, 1, 4, 3, 2, 3, 1, 4, 1, 3, 2, 1, 4, 2, 3, 4, 1, 4, 2, 1, 3, 2, 3, 1, 4, 3, 1, 3, 2, 4, 3, 1, 4, 2, 4, 1, 3, 2, 1, 4, 2, 3, 1, 3, 4, 1, 3, 4, 2, 3, 1, 3, 2, 4, 2, 4
101.xml, 0.131632, 1, 2, 3, 1, 4, 2, 3, 4, 2, 3, 2, 1, 4, 2, 3, 2, 4, 3, 1, 4, 1, 3, 1, 2, 4, 3, 1, 4, 1, 3, 4, 2, 3, 2, 4, 2, 1, 3, 1, 4, 3, 2, 4, 2, 3, 2, 4, 3, 1, 4, 1, 3, 2, 1, 4, 3, 2
102.xml, 0.062523, 3, 1, 2, 4, 1, 4, 2, 3, 2, 4, 3, 1, 4, 1, 3, 2, 3, 2, 4, 3, 1, 4, 2, 3, 4, 1, 3, 1, 2, 4, 3, 2, 4, 3, 1, 4
103.xml, 0.191916, 3, 1, 2, 4, 1, 3, 2, 1, 3, 2, 1, 4, 2, 3, 1, 4, 2, 1, 3, 2, 3, 4, 2, 3, 1, 2, 4, 1, 3, 2, 4, 3, 2, 3, 4, 1, 3, 4, 2, 3, 1, 4, 3, 1, 2, 3, 4, 1, 3, 2, 4, 2, 1, 3, 2, 4, 1
104.xml, 0.854558, 1, 2, 3, 1, 3, 4, 1, 3, 4, 2, 3, 2, 4, 1, 2, 3, 1, 4, 3, 1, 4, 3, 2, 4, 1, 2, 3, 1, 4, 3, 1, 2, 4, 2, 1, 4, 2, 1, 3, 2, 4, 3, 1, 3, 2, 1, 4, 2, 4, 3, 1, 3, 4, 2
105.xml, 0.008475, 3, 1, 4, 1, 2, 3, 4, 1, 4, 3, 2, 1, 3, 2, 4, 3, 1, 4, 2, 1, 4, 3, 2, 4, 2, 3, 2
106.xml, 0.02227, 3, 1, 2, 4, 1, 4, 1, 3, 2, 3, 2, 4, 2, 4, 3, 2, 4, 3, 1, 3, 1, 3, 1, 4, 2, 3, 4, 1, 3, 2, 4, 1, 2, 3, 1, 4, 2, 3, 4, 1, 4
107 dan.xml, 0.003029, 3, 1, 4, 2, 3, 4, 1, 3, 1, 3, 2, 4, 1, 4, 2, 1, 3, 2, 4, 2, 3, 1, 4, 1, 4
108 dan.xml, 0.105789, 1, 3, 2, 3, 4, 1, 4, 2, 3, 1, 4, 3, 1, 3, 2, 4, 3, 1, 4, 2, 1, 3, 2, 4, 3, 1, 4, 1, 3, 2, 4, 1, 2, 3, 1, 4, 2, 1, 3, 2, 3, 1, 4, 1, 2, 3, 2, 4, 1, 2, 4, 3, 2, 4, 1, 2, 4, 1, 4, 3, 2
109 dan.xml, 0.052123, 1, 2, 3, 1, 3, 1, 4, 3, 1, 4, 2, 3, 1, 4, 3, 2, 4, 1, 3, 4, 2, 4, 2, 3, 4, 1, 3, 1, 3, 2, 3, 1, 4, 3, 2, 4, 2, 4, 2, 3, 4, 1
110 dan.xml, 0.010331, 1, 3, 4, 2, 3, 1, 3, 4, 1, 3, 2, 4, 3, 1, 4, 2, 1, 4, 2, 4, 3, 1, 3, 1, 3, 2, 3, 2, 4, 1, 3
111 dan.xml, 0.155105, 3, 1, 3, 4, 2, 4, 1, 3, 1, 4, 2, 1, 3, 2, 3, 1, 3, 1, 4, 3, 2, 4, 2, 1, 3, 2, 4, 3, 1, 4, 2, 4, 3, 2, 1, 3, 1, 3, 2, 3, 4, 1, 4, 2, 3, 1, 2, 4, 2, 3, 4, 1, 2, 3, 1, 4, 2, 1, 3, 2
112 dan.xml, 0.078552, 1, 3, 2, 1, 4, 2, 3, 1, 3, 1, 4, 2, 4, 1, 2, 3, 1, 3, 2, 4, 1, 4, 3, 1, 4, 2, 3, 4, 2, 3, 2, 3, 2, 1, 4, 2, 4, 1, 2, 3, 1, 4, 1, 2, 4, 3, 1, 4, 2, 4
113 dan.xml, 0.011598, 3, 1, 4, 2, 3, 1, 2, 4, 1, 3, 2, 4, 1, 3, 2, 4, 1, 3, 2, 1, 4, 2, 3, 1, 4, 1, 4, 1, 3, 1, 2, 4, 1, 3, 4, 2, 3, 2, 3, 2, 4, 1, 3, 2, 4, 3, 2, 4, 1, 4, 2, 3, 4, 1, 3, 1, 4, 1
114 dan.xml, 0.010058, 1, 2, 3, 1, 4, 2, 3, 1, 2, 3, 1, 3, 2, 3, 4, 2, 3, 4, 1, 3, 2, 3, 2, 4, 2, 3, 4, 1, 3, 1, 4, 2, 4, 1, 4, 2, 4, 2, 4, 1, 3, 1, 3
115 dan.xml, 0.002418, 3, 1, 3, 1, 4, 3, 2, 4, 2, 4, 1, 3, 1, 4, 2, 3, 1, 2, 4, 3, 2, 1
116 dan.xml, 0.036661, 3, 1, 2, 4, 1, 3, 2, 4, 1, 2, 3, 1, 4, 3, 2, 4, 3, 1, 4, 2, 3, 1, 3, 4, 2, 4, 1, 4, 3
117 dan.xml, 0.001791, 1, 3, 2, 1, 4, 2, 3, 1, 3, 2, 4, 3, 1, 4, 2, 4, 1, 3, 2, 4
118 dan.xml, 0.041339, 3, 1, 2, 4, 1, 3, 1, 4, 2, 3, 1, 2, 4, 1, 3, 1, 4, 2, 3, 1, 2, 4, 1, 3, 2, 4, 1, 2, 3, 1, 2, 4, 1, 2, 3, 1, 3, 2, 4, 3, 1, 4, 2, 4
119 dan.xml, 0.037512, 3, 1, 2, 4, 1, 3, 2, 1, 4, 2, 3, 4, 1, 3, 2, 3, 1, 3, 4, 2, 4, 1, 4, 2, 1, 3, 2, 4, 1, 2, 3, 1, 3, 1, 4, 2, 1, 3, 2, 4, 1, 3, 2, 1
120 dan.xml, 0.015107, 3, 1, 4, 3, 2, 4, 1, 3, 2, 4, 1, 2, 3, 1, 3, 2, 4, 3, 1, 4, 2, 3, 1, 4, 2, 1, 3, 1, 4, 2, 3, 1, 4, 2, 4, 2, 1, 3, 1, 4, 2, 4, 2, 4, 2, 4, 1, 3, 2, 3
121 dan.xml, 0.089425, 1, 3, 4, 2, 3, 1, 4, 1, 3, 2, 4, 3, 1, 4, 2, 1, 3, 1, 4, 2, 3, 1, 2, 4, 1, 3, 2, 4, 1, 2, 3, 2, 4, 2, 4, 2, 4, 3, 1, 3, 1, 3, 2, 4, 1, 2, 3, 1, 4, 2, 3, 1, 4
122 dan.xml, 0.002389, 3, 1, 4, 2, 3, 4, 1, 3, 2, 4, 1, 4, 1, 4, 1, 3, 2, 4, 1, 3, 2, 4, 1, 2, 3, 1, 4, 2, 3, 1, 4, 2, 4, 1, 2, 3, 1, 4, 2, 3
123 dan.xml, 0.012125, 3, 1, 4, 2, 3, 4, 1, 3, 2, 4, 1, 3, 2, 4, 1, 3, 1, 2, 4, 1, 3, 1, 3, 1, 4, 2, 4, 1, 2, 3, 1, 3, 2, 4, 2, 4, 1, 2, 3, 1, 3, 4, 2
124 dan.xml, 0.173389, 1, 3, 1, 4, 3, 2, 4, 2, 3, 1, 3, 1, 4, 1, 4, 3, 2, 3, 2, 4, 3, 1, 4, 2, 1, 3, 2, 4, 1, 3, 4, 2, 3, 1, 4, 2, 3, 1, 4, 1, 2, 3, 2, 4, 2, 3, 2, 4, 3, 1, 4, 2, 3, 4, 1, 3, 1, 4, 1, 3, 4, 2, 3, 1, 2, 3, 1
125 dan.xml, 0.146069, 1, 3, 2, 4, 3, 1, 4, 2, 3, 1, 3, 1, 4, 2, 4, 3, 1, 3, 2, 4, 1, 2, 4, 1, 3, 2, 4, 3, 1, 4, 1, 3, 2, 4, 3, 1, 4, 2, 3, 1, 2, 4, 2, 4, 1, 3, 1, 4, 1, 2, 3, 2, 4, 1, 2, 3, 2, 4, 3, 1, 4, 2, 4, 1, 3, 1, 2, 4, 2, 4, 1, 3, 2, 4, 3, 1, 4, 2, 3, 1, 3, 1, 4, 2, 4, 3, 1, 3, 2, 4, 2, 4, 1, 2, 3, 1, 3, 4, 2, 4, 1, 4, 1, 4, 1, 4
126 dan.xml, 0.169482, 1, 2, 3, 1, 4, 1, 4, 2, 4, 1, 3, 1, 4, 2, 1, 3, 2, 4, 2, 3, 1, 3, 2, 3, 1, 4, 3, 2, 4, 1, 3, 2, 1, 4, 1, 3, 1, 3, 2, 4, 1, 2, 3, 1, 3, 2, 4, 2, 3, 4, 1, 3, 2, 1, 4, 2, 4, 2, 3, 1, 2, 4, 1, 3, 2, 4, 3, 1, 3, 2, 4, 1, 2, 3, 1, 2, 3, 1, 3, 2, 4
127 dan.xml, 2.42011, 3, 1, 2, 4, 1, 3, 2, 3, 4, 1, 4, 2, 3, 4, 1, 3, 2, 3, 4, 1, 2, 4, 3, 1, 4, 2, 1, 3, 2, 4, 2, 1, 3, 1, 4, 1, 4, 2, 3, 4, 1, 4, 1, 2, 3, 1, 4, 3, 2, 3, 1, 4, 3, 2, 4, 1, 2, 3, 1, 4, 2, 3, 1, 2, 4, 1, 3, 2, 3, 1, 4, 3, 2, 4, 1, 3, 2, 1, 4, 1, 3, 4, 2, 3, 1, 4, 3, 2, 3, 1
128 dan.xml, 0.564833, 1, 3, 1, 4, 3, 2, 4, 2, 3, 1, 3, 1, 4, 2, 1, 3, 4, 1, 4, 1, 2, 3, 2, 4, 1, 4, 2, 3, 2, 3, 2, 4, 1, 2, 4, 2, 3, 1, 3, 4, 2, 4, 1, 3, 2, 4, 2, 1, 4, 2, 4, 1, 3, 2, 4, 3, 1, 4, 2, 3, 1, 3, 2, 1, 4, 3, 2, 4, 2, 4, 1, 3, 1, 4, 2, 1, 3, 2, 1, 4, 2, 1, 3, 2, 4, 2, 4, 1, 3, 4, 2
129 dan.xml, 29.075209, 1, 3, 1, 4, 3, 2, 4, 2, 3, 1, 3, 2, 1, 4, 2, 1, 4, 3, 2, 4, 2, 4, 3, 1, 3, 4, 2, 4, 3, 2, 4, 3, 1, 4, 1, 3, 1, 2, 4, 2, 3, 2, 4, 1, 2, 3, 1, 4, 3, 2, 4, 1, 2, 4, 2, 1, 3, 2, 4, 3, 1, 4, 1, 2, 3, 1, 2, 4, 1, 3, 1, 4, 2, 1, 3, 4, 2, 3, 4, 1, 3, 2, 3, 1, 4, 3, 2, 4, 2, 3, 1, 4, 3, 2, 3, 1, 4, 3, 2, 4, 2, 3, 1, 3, 2, 1, 4, 2, 1, 4, 3, 2, 4, 2, 4, 3, 1, 4, 2, 1, 3, 2, 1, 4, 2, 1, 3, 2, 4, 1, 2, 3, 2, 3, 1, 4, 1, 4, 2, 1, 3, 2, 4, 3, 1, 4, 2, 1, 3, 2, 3, 1, 4, 1, 2, 3, 2, 4, 1, 4, 1, 3, 2, 1, 4, 2, 4, 2, 3, 4, 1, 3, 1, 4, 2, 1, 3, 2, 4, 1, 2, 3, 2, 3, 1, 4, 1, 3, 4, 2, 4, 1
130 dan.xml, 0.353995, 3, 1, 4, 2, 3, 4, 1, 3, 2, 4, 1, 3, 2, 1, 3, 2, 3, 2, 3, 1, 4, 1, 2, 3, 2, 4, 1, 4, 3, 2, 4, 1, 2, 3, 1, 4, 1, 4, 2, 3, 4, 1, 3, 1, 4, 2, 3, 1, 3, 2, 1, 4, 2, 4, 1, 4, 2, 3, 1, 3, 2
131 dan.xml, 0.157123, 3, 1, 4, 3, 2, 4, 1, 3, 4, 1, 3, 1, 4, 2, 1, 4, 2, 3, 2, 1, 4, 1, 3, 2, 4, 3, 1, 4, 1, 3, 1, 4
132 dan.xml, 0.283153, 3, 1, 3, 2, 1, 4, 2, 4, 1, 4, 1, 3, 1, 4, 2, 1, 4, 2, 3, 1, 2, 4, 1, 3, 2, 3, 1, 4, 3, 2, 4, 1, 4, 2, 4, 3, 1, 3, 2, 4, 1, 2, 3, 1, 4, 2, 1, 3, 2, 3, 4, 1, 4, 2, 3, 1, 3, 1
133 dan.xml, 0.052548, 1, 3, 1, 3, 4, 2, 4, 2, 3, 1, 3, 1, 3, 2, 4, 3, 1, 4, 2, 3, 1, 2, 4, 2, 4, 1, 3, 1, 3, 2, 4, 3, 1, 4, 2, 4, 3, 1, 3, 1, 3, 2, 4, 1, 3, 4, 2, 4, 2, 1, 3
134 dan.xml, 0.129027, 1, 2, 3, 1, 4, 1, 3, 2, 3, 1, 2, 4, 1, 4, 2, 3, 1, 4, 2, 1, 3, 2, 4, 1, 2, 3, 1, 3, 4, 1, 3, 2, 3, 1, 4, 3, 2, 4, 1, 4, 1, 3, 2, 3, 1, 2, 4, 1, 4, 2, 3, 2, 4, 3, 1, 4, 2, 3, 4, 1, 3, 2, 4, 1, 3, 4, 1, 3, 2, 1, 4, 2, 3, 1, 4, 2
135.xml, 0.034815, 3, 1, 2, 4, 1, 3, 2, 1, 3, 2, 1, 4, 2, 1, 4, 2, 3, 2, 1, 4, 1, 3, 2, 1, 4, 2, 1, 3, 2, 3, 4, 1, 3, 4, 2, 3, 1, 4
136.xml, 0.022993, 1, 3, 1, 4, 2, 3, 1, 2, 4, 1, 3, 2, 4, 3, 1, 4, 1, 3, 4, 2, 4, 3, 1, 4, 3
137.xml, 0.044267, 1, 3, 1, 2, 3, 4, 1, 3, 2, 4, 1, 2, 4, 1, 3, 1, 4, 3, 2, 4, 3, 1, 4, 2, 3, 4, 1, 3, 2, 4, 2, 4, 1, 3, 1, 2, 4, 2, 3, 1, 3, 4, 2, 4, 1, 4, 2
138.xml, 0.123399, 1, 3, 4, 2, 3, 1, 4, 3, 1, 4, 1, 3, 4, 2, 3, 1, 4, 3, 2, 4, 1, 2, 4, 2, 1, 3, 2, 1, 3, 2, 1, 4, 2, 4, 3, 1, 2, 4, 1
139.xml, 0.090384, 1, 4, 2, 3, 2, 1, 4, 1, 3, 2, 3, 1, 4, 2, 1, 3, 4, 1, 4, 2, 3, 4, 1, 3, 2, 1, 4, 1, 2, 4, 1, 2, 3, 1, 4, 3, 2, 4, 2, 1, 4, 2
140.xml, 0.001636, 3, 1, 4, 3, 2, 4, 1, 3, 2, 4, 2, 3, 1, 4, 2, 1, 3, 1, 2
141.xml, 0.110006, 3, 1, 2, 4, 1, 4, 3, 2, 1, 4, 1, 3, 4, 2, 3, 2, 1, 3, 2, 1, 4, 2, 3, 1, 4, 2, 1, 4, 3, 2, 4, 1, 4, 2, 1, 3, 2, 4, 3, 2
142.xml, 0.047351, 1, 3, 4, 2, 3, 1, 4, 1, 4, 1, 3, 2, 4, 2, 4, 3, 2, 1, 4, 2, 1, 3, 1, 4, 2, 3, 2, 3, 2, 4, 1, 3, 2, 1, 4, 2, 1, 3, 1, 3, 2, 1
143.xml, 0.822693, 3, 1, 2, 4, 1, 3, 2, 1, 3, 4, 2, 4, 3, 1, 4, 3, 2, 4, 1, 3, 4, 1, 2, 4, 3, 1, 2, 3, 1, 4, 1, 4, 2, 1, 3, 2, 3, 4, 1, 3, 4, 2, 3, 1, 4, 3, 1, 2, 3, 1, 2, 4, 2
144.xml, 0.199911, 3, 1, 4, 1, 3, 4, 2, 3, 4, 1, 3, 1, 3, 2, 4, 3, 1, 4, 2, 1, 3, 2, 4, 2, 1, 3, 4, 2, 3, 4, 1, 4, 2, 1, 3, 2, 4, 1, 2, 3, 2, 1, 3, 2, 1, 4, 2, 4, 2, 3, 2, 1, 4, 2, 3
145 dan.xml, 0.130884, 1, 2, 3, 1, 3, 1, 4, 1, 2, 3, 2, 4, 1, 4, 3, 2, 3, 1, 2, 4, 1, 3, 2, 1, 4, 1, 3, 2, 4, 1, 2, 3, 1, 4, 3, 1, 4, 1, 3, 2, 1, 4, 1, 3, 2, 4, 3, 1, 4, 2, 4, 3, 2, 4, 1, 4, 1
146 dan.xml, 0.154133, 1, 2, 3, 1, 3, 2, 4, 2, 1, 3, 1, 3, 2, 1, 4, 2, 3, 1, 2, 4, 1, 4, 2, 1, 3, 2, 4, 2, 3, 4, 1, 3, 1, 4, 2, 1, 3, 2, 1, 4, 1, 3, 2, 1, 4, 2, 4, 2, 3
147 dan.xml, 0.044642, 1, 3, 4, 2, 3, 1, 4, 1, 3, 1, 2, 3, 2, 4, 1, 3, 4, 2, 3, 1, 4, 2, 3, 4, 1, 4, 2, 1, 3, 2, 4, 1, 3, 4, 2, 4, 1, 3, 4, 2, 3
148 dan.xml, 0.255137, 1, 3, 1, 2, 4, 2, 3, 1, 3, 1, 2, 4, 2, 1, 3, 2, 4, 3, 1, 3, 2, 4, 3, 1, 4, 1, 4, 2, 1, 3, 2, 3, 1, 4, 1, 2, 3, 2, 4, 1, 2, 3, 1, 4, 2, 3, 4, 1, 3, 2, 1, 4, 2, 3, 2
149 dan.xml, 0.09619, 1, 3, 4, 2, 3, 1, 4, 1, 2, 3, 2, 4, 1, 2, 3, 1, 4, 2, 4, 3, 1, 3, 2, 4, 3, 1, 4, 2, 1, 4, 2, 4, 1, 3, 4, 1, 3, 1, 4, 2, 3
150 dan.xml, 0.241185, 3, 1, 4, 3, 2, 4, 1, 3, 1, 2, 4, 3, 2, 3, 2, 4, 1, 2, 3, 1, 4, 1, 4, 3, 2, 3, 1, 2, 4, 1, 3, 4, 1, 4, 1, 2, 3, 2, 3, 1, 4, 2, 3, 4, 1, 3, 2, 4, 1, 2, 4, 3, 2, 4, 1, 4, 2, 3, 1
151 dan.xml, 0.014257, 3, 1, 3, 2, 3, 1, 4, 2, 1, 3, 2, 4, 1, 4, 2, 4, 1, 3, 1, 2, 4, 2, 1, 3, 4, 2, 3, 1, 3, 2, 3, 1, 4, 2, 3, 4, 1, 3, 1, 4, 2, 1, 3, 2, 4, 1, 4, 2, 4, 1, 3, 2, 4, 3, 1, 3, 2, 1, 4, 2, 3, 2, 4
152 dan.xml, 0.029151, 3, 1, 2, 4, 1, 3, 2, 4, 3, 2, 1, 4, 2, 3, 1, 3, 2, 1, 4, 2, 3, 1, 4, 3, 1, 4, 1, 3, 2, 4, 1, 3, 2, 4, 1, 2, 3, 1, 4, 2, 3, 1, 4, 2, 3, 1, 2, 3, 2, 4, 1, 4
153 dan.xml, 0.048236, 3, 1, 2, 4, 1, 4, 1, 3, 2, 1, 4, 2, 3, 1, 4, 3, 1, 3, 2, 4, 2, 3, 4, 1, 3, 1, 4, 2, 4, 1, 4, 2, 4, 1, 3, 2, 1, 4, 2, 3, 1, 3, 2, 3, 1, 4, 3, 2, 4, 1, 3, 2, 1, 3, 2, 4, 1, 3, 4, 2, 3, 1, 4, 2, 1, 3, 2, 4, 2, 3, 1, 2, 4, 2, 1, 4, 1, 4, 3, 2, 4
154 dan.xml, 0.118858, 1, 3, 4, 2, 3, 1, 3, 2, 4, 2, 3, 1, 4, 3, 2, 4, 1, 4, 3, 2, 4, 2, 1, 4, 1, 4, 2, 3, 2, 3, 1, 3, 2, 4, 3, 1, 4, 2, 4, 1, 3, 1, 2, 3, 1, 4, 2, 1, 3, 2, 4, 3, 1, 4, 1, 3, 2, 4, 2, 4, 3
155 dan.xml, 0.130684, 1, 3, 4, 2, 3, 1, 3, 1, 2, 4, 1, 2, 3, 1, 4, 2, 3, 1, 3, 2, 4, 3, 1, 4, 2, 3, 4, 1, 4, 2, 3, 1, 4, 3, 2, 4, 1, 3, 4, 1, 3, 2, 3, 1, 2, 4, 1, 3, 2, 4, 1, 3, 4, 2, 4, 1, 3, 2, 4, 3, 1, 4, 2, 3, 4, 1
156 dan.xml, 0.047032, 3, 1, 4, 1, 2, 3, 2, 4, 1, 4, 2, 3, 4, 1, 3, 1, 4, 2, 3, 4, 1, 4, 2, 3, 2, 4, 3, 1, 4, 1, 2, 3, 1, 4, 3, 2, 4, 2, 1
157 dan.xml, 0.175539, 3, 1, 2, 4, 1, 3, 1, 3, 1, 4, 3, 2, 4, 2, 3, 1, 3, 4, 2, 4, 2, 3, 1, 4, 2, 1, 3, 1, 4, 3, 2, 3, 2, 4, 2, 1, 3, 1, 4, 1, 4, 3, 2, 4, 2, 3, 4, 1, 4, 2, 3, 1, 2, 4, 1, 3, 2, 4, 2, 3, 1, 4
158 dan.xml, 0.026277, 3, 1, 3, 2, 4, 2, 3, 1, 4, 2, 3, 1, 2, 4, 1, 3, 2, 4, 1, 3, 1, 4, 2, 4, 1, 3, 1, 4, 2, 1, 3, 2, 4, 1, 2, 3, 1, 3, 2, 4, 3, 1, 4, 2, 3, 2, 4
159 dan.xml, 0.148601, 1, 3, 4, 2, 3, 1, 3, 2, 1, 3, 2, 4, 1, 4, 2, 4, 1, 3, 1, 4, 1, 3, 1, 3, 2, 3, 2, 1, 4, 1, 4, 2, 4, 1, 3, 4, 2, 3, 2, 4, 2, 3, 1, 3, 2, 3, 1, 4, 2, 4, 3, 2, 1, 3, 4, 1, 4, 2, 4, 2, 1, 3, 1, 3, 2, 4, 3, 1, 4, 2
160 dan.xml, 0.001682, 3, 1, 2, 4, 1, 3, 1, 3, 2, 4, 1, 3, 2, 4, 1, 3, 2, 1, 4, 2, 3, 1, 4, 2, 3
161 dan.xml, 0.002977, 3, 1, 4, 3, 2, 4, 1, 3, 2, 3, 1, 4, 1, 3, 2, 1, 4, 2, 3, 4, 1, 2
162 dan.xml, 0.037294, 3, 1, 4, 3, 2, 4, 1, 3, 1, 3, 1, 4, 2, 1, 4, 1, 3, 4, 1, 3, 2, 3, 2, 1, 4, 1, 2, 4, 2, 1, 3
163 dan.xml, 0.037136, 3, 1, 2, 4, 1, 3, 1, 3, 2, 1, 4, 2, 3, 4, 1, 3, 2, 3, 1, 4, 2, 3, 4, 2, 3, 2, 4, 1, 4, 2
164 dan.xml, 0.001095, 3, 1, 3, 1, 4, 2, 3, 1, 4, 3, 2, 4, 1, 3, 2, 4, 2, 4, 1, 3, 1, 3, 1, 3, 2, 1, 4, 2, 3, 1, 4
165 dan.xml, 0.02726, 1, 3, 1, 3, 2, 4, 2, 1, 3, 1, 4, 2, 4, 2, 3, 1, 3, 2, 4, 3, 1, 3, 1, 3, 2, 4, 1, 3, 2, 1, 3, 2, 4, 3, 1, 4, 2, 3, 1, 3, 2, 3
166 dan.xml, 0.224768, 1, 2, 3, 1, 3, 1, 4, 2, 4, 1, 3, 2, 4, 3, 2, 1, 4, 2, 3, 4, 1, 3, 2, 4, 1, 3, 2, 4, 3, 1, 4, 2, 3, 1, 2, 3, 1, 4, 2, 1, 3, 2, 3, 1, 4, 2, 3, 4, 1, 3, 1, 4
167 dan.xml, 0.164818, 3, 1, 3, 4, 2, 4, 1, 3, 1, 4, 2, 1, 3, 2, 4, 1, 3, 2, 3, 1, 2, 4, 1, 4, 2, 1, 3, 1, 4, 2, 3, 1, 4, 3, 2, 3, 1, 3, 2, 3, 1, 4, 2, 4, 3, 1, 3, 2, 4, 2, 1, 3, 2, 3, 2, 3, 2, 4, 2, 4, 3
168 dan.xml, 0.00142, 3, 1, 3, 2, 4, 1, 2, 3, 1, 4, 2, 4, 1, 3, 2, 3, 4, 1, 3, 2, 1, 4, 2, 3, 1, 3, 2, 4, 1, 4, 2, 4, 3, 1, 3, 2, 4
169 dan.xml, 0.002836, 1, 2, 3, 1, 3, 2, 4, 3, 1, 4, 3, 2, 4, 1, 4, 2, 4, 1, 3
170 dan.xml, 4.170745, 1, 2, 3, 1, 4, 2, 3, 1, 2, 4, 1, 3, 4, 2, 3, 4, 1, 3, 2, 1, 4, 2, 3, 4, 1, 3, 1, 2, 4, 2, 4, 2, 1, 3, 2, 1, 3, 2, 3, 1, 2, 4, 1, 3, 2, 1, 4, 2, 3, 4, 2, 3, 2, 3, 2, 1, 4, 1, 2, 3, 1, 4, 3, 1, 3, 1, 4, 2, 1, 3, 1, 4, 2, 1, 3, 2, 4, 2
