001.xml, 0.057967, 3, 1, 4, 2
002.xml, 0.000311, 3, 1, 4, 2, 3
003.xml, 0.000534, 1, 3, 2, 4, 1, 4, 3
004.xml, 0.000259, 3, 1, 3, 2, 4, 1, 3, 2, 4, 1, 4, 2
005.xml, 0.000687, 1, 3, 2, 3, 1, 3, 1, 4, 2, 3, 2
006.xml, 0.002223, 3, 4, 1, 3, 2, 3, 2, 3, 1, 4, 3, 2, 4, 1, 3, 4, 1, 4
007.xml, 0.000444, 3, 1, 2, 4, 1, 3, 2, 4, 3, 1, 4, 2
008.xml, 0.000125, 1, 3, 1, 4, 2, 3, 1
009.xml, 0.002598, 3, 1, 4, 1, 3, 2, 4, 3, 1, 4, 2, 1, 3, 2, 4, 2, 3, 1, 4, 2, 1
010.xml, 0.000588, 3, 1, 2, 4, 1, 3, 1, 4, 2, 3, 2, 4, 1
011.xml, 0.000286, 3, 1, 4, 2, 3, 1, 4, 2, 3, 1, 4, 2
012.xml, 0.000537, 3, 4, 1, 3, 2, 3, 1, 3, 1, 3, 2, 4, 2, 1
013.xml, 0.000261, 3, 1, 4, 1, 3, 1, 4, 2
014.xml, 0.000135, 3, 1, 4, 2, 3, 1, 4, 2
015.xml, 0.000505, 3, 1, 3, 4, 2, 4, 1, 3, 2, 3, 2, 4, 1, 2, 3, 1, 4, 2
016.xml, 0.001763, 1, 3, 2, 1, 4, 2, 3, 1, 4, 3, 1, 2, 4, 1, 4, 2, 4, 3
017.xml, 0.005896, 1, 3, 2, 3, 1, 2, 4, 2, 3, 1, 4, 3, 2, 4, 1, 2, 3, 1, 4, 2, 1, 4, 2, 1, 3, 2, 4
018.xml, 0.004046, 1, 4, 1, 2, 3, 2, 4, 3, 1, 3, 2, 4, 3, 1, 4, 1, 3, 4, 2, 3, 1
019.xml, 0.000525, 3, 4, 1, 3, 2, 4, 3, 1, 3, 2, 3, 2, 4, 2, 1, 4, 2
020.xml, 0.01461, 1, 3, 1, 3, 2, 3, 2, 4, 1, 4, 3, 2, 3, 1, 3, 1, 3, 2, 3, 1, 2, 4, 1, 3, 4, 1, 2, 3, 2, 4, 3, 1, 4, 2
021.xml, 0.001559, 3, 1, 4, 2, 3, 2, 3, 1, 3, 2, 4, 2, 4, 1, 4
022.xml, 0.002911, 1, 3, 2, 4, 2, 4, 3, 1, 3, 2, 3, 2, 4, 1, 3, 1, 2, 4
023.xml, 0.000868, 1, 3, 2, 4, 2, 4, 2, 3, 1, 4, 1, 4
024.xml, 0.000457, 3, 1, 4, 2, 3, 4, 1, 3, 2, 4, 1, 3
025.xml, 0.0009, 3, 1, 0, 1, 3, 2, 3, 1, 4, 1, 2, 3, 1, 4
026.xml, 0.000408, 1, 3, 2, 4, 1, 2, 3, 1, 4, 2, 3, 1, 3, 2, 4, 3, 2
027.xml, 0.000886, 3, 1, 2, 4, 1, 3, 1, 4, 3, 2, 4, 2, 3, 2, 3, 1, 4, 1
028.xml, 0.000393, 3, 1, 4, 3, 2, 4, 1, 3, 2, 4, 2, 1
029.xml, 0.000404, 1, 2, 3, 1, 4, 2, 3, 1, 4, 2
030.xml, 0.015376, 3, 1, 3, 1, 4, 1, 3, 2, 4, 3, 2, 1, 0, 2, 4, 1, 4, 2, 4, 1, 4, 2, 3, 4, 1, 3
031.xml, 0.006883, 3, 1, 3, 1, 4, 1, 4, 2, 3, 4, 2, 3, 1, 3, 1, 4, 2
032.xml, 0.002366, 1, 3, 1, 4, 2, 4, 3, 1, 4, 2, 3
033.xml, 0.00024, 3, 1, 2, 4, 1, 3, 2, 3, 1, 4, 2
034.xml, 0.000963, 1, 3, 2, 1, 4, 2, 3, 1, 4, 1, 4, 2, 3, 4, 1, 3, 2, 4
035.xml, 0.005795, 1, 3, 2, 3, 4, 2, 4, 3, 1, 3, 4, 2, 3, 2, 1, 4, 3, 2
036.xml, 0.005113, 3, 1, 4, 2, 1, 3, 2, 4, 1, 4, 2, 1, 3, 2, 4, 2, 3
037.xml, 0.004051, 1, 3, 2, 3, 1, 3, 2, 3, 1, 3, 2, 4, 1, 2, 3, 1, 4, 2
038.xml, 0.007407, 1, 2, 3, 1, 4, 2, 1, 3, 1, 2, 4, 1, 2, 3, 1, 4, 2, 4, 1, 3, 2, 1, 4, 2, 3, 2, 1
039.xml, 0.00088, 1, 2, 3, 1, 4, 3, 1, 4, 2, 1, 3, 2, 3, 1, 3, 2, 1, 4, 2, 4, 1, 3, 1, 3
040.xml, 0.002962, 1, 3, 2, 4, 3, 1, 4, 2, 3, 4, 1, 3, 4, 2, 3, 1, 3
041.xml, 0.013732, 3, 4, 1, 3, 2, 4, 3, 2, 1, 3, 2, 3, 2, 4, 1, 2, 4, 1, 4
042.xml, 0.004225, 3, 1, 0, 1, 3, 2, 4, 1, 3, 4, 2, 3, 1, 4, 2, 4, 3, 1, 4, 2
043.xml, 0.002692, 1, 4, 2, 3, 2, 1, 3, 2, 4, 3, 1, 3, 1, 4, 2, 4, 3
044.xml, 0.012018, 1, 3, 4, 2, 3, 1, 3, 2, 3, 4, 1, 4, 3, 0, 4, 2, 3, 2, 3, 1, 2, 4, 1, 4, 1, 4, 2
045.xml, 0.000686, 1, 2, 3, 1, 4, 2, 3, 1, 4, 2, 3, 1, 4, 2
046.xml, 0.000664, 3, 1, 4, 1, 3, 2, 4, 1, 3, 2, 1, 4, 2, 3, 1, 3, 4, 2, 3
047.xml, 0.014852, 3, 1, 4, 1, 3, 1, 4, 1, 3, 1, 4, 1, 3, 1, 4, 1, 3, 1
048.xml, 0.007014, 1, 3, 2, 1, 4, 2, 3, 1, 4, 2, 3, 2, 4, 2, 4, 1, 3, 1, 4, 1, 3, 2, 4, 3, 1, 4, 2, 4, 2, 4, 1, 3, 2, 0, 2, 4, 3, 1, 0, 1, 4, 3
049.xml, 0.003183, 3, 1, 4, 1, 3, 1, 4, 1, 3, 2, 4, 1, 3, 2, 3, 2, 3, 2, 4, 1, 4, 2
050.xml, 0.007557, 1, 3, 2, 4, 2, 4, 2, 3, 1, 3, 1, 4, 2, 1, 3, 2, 4, 2, 3, 4, 1, 0, 1, 3, 1, 4, 2, 4
051.xml, 0.020268, 3, 1, 2, 4, 1, 3, 2, 1, 3, 1, 4, 1, 4, 2, 3, 1, 2, 3, 2, 4, 1, 2, 3, 1, 4, 2, 3, 1, 4, 2, 1, 3, 1, 4, 3, 2
052.xml, 0.00457, 3, 1, 4, 1, 4, 0, 1, 3, 2, 4, 2, 3, 1, 3, 2, 3, 2, 3, 4, 1, 4, 1, 3
053.xml, 0.031915, 1, 3, 2, 3, 1, 3, 2, 3, 1, 3, 2, 3, 1, 4, 2, 4, 1, 4, 2, 4, 1, 4, 2, 3
054.xml, 0.00419, 3, 4, 1, 3, 1, 4, 3, 2, 4, 2, 1, 3, 1, 4, 3, 2, 4, 2, 3, 1, 4, 1, 3, 2, 3, 4, 1, 3, 1, 3, 2
055.xml, 0.144201, 1, 3, 1, 4, 3, 1, 2, 4, 2, 4, 2, 4, 2, 4, 1, 2, 3, 1, 3, 1, 3, 4, 1, 4, 2, 1, 4, 2, 4, 2, 3, 1, 3, 1, 2, 3, 1, 4, 2, 3, 1, 2, 3, 2, 1, 4, 2
056.xml, 0.045903, 1, 3, 4, 2, 3, 1, 4, 2, 1, 4, 3, 2, 1, 3, 2, 4, 1, 4, 2, 3, 2, 1, 4, 2, 1, 4, 1, 3, 2, 1, 4, 2, 3
057.xml, 0.429872, 1, 3, 4, 2, 3, 1, 4, 3, 2, 4, 1, 4, 2, 1, 3, 2, 3, 1, 3, 2, 4, 1, 3, 2, 1, 3, 1, 2, 4, 1, 4, 1, 3, 1, 4, 1, 3, 2, 1, 4, 2, 4, 2, 3, 4, 1, 3, 2, 3, 4, 1, 4, 2, 3, 2, 3, 2, 4, 2
058.xml, 4.052625, 3, 1, 4, 1, 4, 1, 4, 2, 3, 1, 4, 1, 3, 2, 3, 2, 3, 1, 4, 2, 4, 0, 4, 2, 4, 3, 1, 4, 2, 4, 2, 3, 4, 2, 3, 1, 4, 3, 2, 4, 3, 0, 3, 2, 0, 2, 4, 1, 4, 1, 2, 3, 1, 4, 2, 1, 4, 2, 4, 2, 1, 3, 1, 2, 3, 1, 2, 4, 1, 4, 1, 3
059.xml, 0.004987, 3, 1, 3, 2, 4, 1, 2, 4, 1, 4, 2, 4, 1, 3, 1, 4, 2, 1, 3, 0, 4, 1, 4, 1, 3, 2, 4, 1, 4
060.xml, 0.009781, 1, 3, 2, 4, 1, 3, 2, 4, 2, 1, 2, 3, 1, 4, 1, 4, 1, 2, 3, 1, 0, 3, 1, 4, 1, 3, 2, 4
061.xml, 0.010017, 1, 2, 3, 1, 3, 1, 4, 1, 4, 1, 4, 2, 3, 1, 2, 4, 1, 3, 2, 1, 4, 3, 1, 4, 2, 3, 1, 4
062.xml, 0.04418, 3, 1, 4, 1, 4, 3, 2, 4, 3, 1, 4, 1, 2, 4, 1, 3, 1, 4, 2, 4, 0, 1, 3, 1, 4, 1, 3, 4, 2, 3, 1, 4, 3
063.xml, 0.013447, 1, 3, 2, 3, 1, 4, 1, 4, 1, 2, 3, 1, 4, 3, 2, 3, 2, 4, 3, 1, 0, 1, 3, 2, 3, 1, 4, 1, 3, 1, 4, 2, 1, 3, 2, 3, 1
064.xml, 0.112114, 3, 1, 4, 1, 4, 1, 4, 2, 1, 3, 2, 4, 3, 2, 4, 1, 3, 4, 1, 3, 2, 4, 1, 2, 3, 1, 4, 1, 4, 3, 2, 4, 2, 4
065 dan.xml, 0.006377, 3, 1, 3, 1, 3, 1, 4, 2, 3, 2, 0, 1, 3, 1, 0, 1, 3, 1, 2, 4, 2, 3, 1, 3, 2, 4, 1, 3, 4
066 dan.xml, 0.003434, 1, 2, 3, 1, 4, 2, 1, 4, 3, 2, 4, 1, 3, 2, 1, 4, 2, 3
067 dan.xml, 0.001471, 3, 1, 4, 2, 3, 2, 4, 3, 4, 1, 3, 1, 4, 2, 4, 1, 3, 1, 3, 2, 3, 1, 2, 4, 1, 2, 3
068 dan.xml, 0.000937, 1, 3, 2, 1, 4, 2, 3, 1, 4, 1, 3, 2, 1, 4, 2, 3, 1, 4
069 dan.xml, 0.006915, 3, 1, 3, 1, 4, 3, 2, 1, 0, 2, 3, 1, 4, 1, 0, 1, 3, 1, 4, 1, 3, 2, 3, 2, 3, 1, 4, 2, 4, 1, 3, 2
070 dan.xml, 0.000951, 1, 3, 1, 2, 4, 2, 3, 1, 4, 1, 3, 2, 3, 2, 4, 3, 1, 4, 1, 4, 2, 3, 1
071 dan.xml, 0.021296, 1, 3, 2, 4, 2, 1, 2, 3, 1, 3, 1, 4, 1, 3, 2, 4, 2, 4, 3, 2, 3, 2, 3, 1, 4, 1, 3, 1, 4, 1, 4, 2, 4, 1, 3, 1, 4, 1, 3, 4, 2, 3, 2, 1
072 dan.xml, 0.00267, 3, 1, 4, 2, 1, 3, 2, 4, 1, 3, 1, 4, 2, 3, 4, 2, 3, 1, 4, 2
073 dan.xml, 0.013115, 1, 3, 2, 3, 4, 2, 3, 1, 3, 2, 3, 1, 4, 1, 4, 3, 2, 4, 1, 2, 3, 1, 4, 2, 4, 1, 3, 2
074 dan.xml, 0.00068, 3, 1, 0, 1, 3, 1, 4, 2, 3, 1, 3, 4, 2, 3, 1, 4
075 dan.xml, 0.000687, 1, 3, 2, 4, 1, 0, 1, 3, 4, 2, 3, 1, 4, 2, 3, 4, 1, 3, 2, 3, 1
076 dan.xml, 0.009357, 1, 3, 4, 2, 3, 1, 4, 1, 3, 2, 3, 1, 3, 1, 2, 4, 0, 4, 1, 4, 1, 2, 3, 1, 4
077 dan.xml, 0.001066, 1, 3, 4, 2, 3, 1, 4, 2, 3, 1, 3, 2, 1, 4, 2
078 dan.xml, 0.001308, 3, 1, 0, 1, 3, 2, 3, 2, 4, 1, 4, 2, 1, 3, 1, 4, 2, 3, 2, 3
079 dan.xml, 0.004902, 3, 1, 4, 1, 3, 2, 4, 0, 3, 1, 2, 4, 1, 3, 1, 3, 2, 4, 3, 1, 4, 2, 4, 1, 3, 4, 2, 3, 2, 4, 1, 4
080 dan.xml, 0.001119, 1, 3, 1, 2, 4, 2, 3, 1, 4, 1, 4, 1, 3, 2, 3, 2, 3, 1, 4, 2, 3, 2, 4, 1, 2, 3, 1, 4, 1, 3, 2, 4, 1
081 dan.xml, 0.000439, 1, 3, 1, 3, 1, 2, 4, 2, 4, 2, 3, 1, 4, 1, 4, 2, 3, 2, 4, 1, 3, 2, 4, 1, 3
082 dan.xml, 0.003832, 3, 1, 3, 4, 2, 4, 1, 4, 1, 3, 2, 4, 1, 4, 3, 1, 3, 4, 2, 4, 2, 4, 1, 4, 2, 3, 1, 3, 2, 3, 2, 4, 2, 1, 4
083 dan.xml, 0.001296, 1, 3, 2, 3, 2, 4, 2, 1, 0, 3, 1, 4, 1, 4
084 dan.xml, 0.002879, 3, 1, 4, 1, 3, 0, 1, 3, 2, 3, 2, 4, 3, 1, 4, 2, 1, 4, 2, 4, 2, 1, 3, 2
085 dan.xml, 0.029421, 1, 4, 1, 3, 2, 4, 2, 3, 4, 1, 0, 3, 1, 4, 1, 4, 1, 4, 1, 3, 2, 4, 2, 4, 3, 2, 4, 2, 4, 2, 1, 3, 2, 4, 1, 2, 3, 1
086 dan.xml, 0.00867, 3, 1, 4, 2, 4, 1, 3, 2, 4, 2, 1, 2, 3, 0, 1, 3, 1, 3, 2, 3, 2, 4, 3, 1, 4, 0, 4, 2, 4, 3, 2, 4
087 dan.xml, 0.003379, 3, 1, 3, 1, 3, 2, 3, 2, 4, 3, 1, 4, 1, 4, 2, 4, 2, 0, 1, 3, 1, 4, 1, 3, 2, 3, 4, 1, 3, 2
088 dan.xml, 0.006316, 1, 2, 3, 1, 3, 1, 2, 3, 2, 4, 1, 3, 2, 3, 1, 4, 2, 1, 3, 1, 4, 2, 3, 2, 1, 2, 4, 1, 4, 2, 3, 2, 4, 2, 3, 2, 0, 1, 4, 2, 3
089 dan.xml, 0.027451, 3, 1, 3, 2, 3, 1, 3, 2, 3, 1, 4, 0, 3, 1, 3, 2, 3, 1, 2, 4, 1, 4, 2, 4, 1, 3, 2, 1, 4, 2, 3, 1, 4, 1, 3, 0, 3, 2, 4, 3, 2, 4, 2, 3, 1, 2, 4, 1, 3, 2
090 dan.xml, 0.008269, 3, 4, 1, 3, 2, 3, 1, 3, 1, 3, 2, 4, 2, 4, 2, 3, 1, 4, 2, 4, 3, 4, 1, 3, 1, 3, 2, 4, 1, 4, 1, 3, 2, 4
091 dan.xml, 0.070115, 1, 3, 4, 2, 3, 1, 4, 3, 1, 3, 2, 4, 2, 1, 2, 3, 2, 4, 1, 4, 2, 4, 1, 4, 3, 2, 3, 1, 3, 4, 2, 4, 3, 1, 3, 2, 1, 4, 2, 3, 1, 3, 4, 2, 1
092 dan.xml, 0.093121, 3, 1, 4, 2, 1, 3, 2, 4, 3, 1, 3, 2, 3, 2, 4, 1, 4, 1, 4, 3, 2, 3, 0, 4, 2, 0, 3, 2, 4, 2, 4, 1, 3, 1, 4, 2, 3, 1, 4, 2, 1, 3, 2, 1, 4, 2
093 dan.xml, 0.066703, 1, 3, 1, 2, 4, 2, 3, 1, 3, 2, 4, 1, 3, 2, 4, 3, 1, 4, 2, 3, 1, 4, 3, 2, 4, 3, 1, 4, 3, 1, 4, 1, 3, 2, 3, 1, 4, 2, 3, 1, 0, 1, 3, 2, 3, 1, 4, 3, 2, 4, 1, 4, 2, 3, 4, 2, 4, 3, 1, 3
094 dan.xml, 0.044198, 1, 2, 3, 1, 4, 1, 3, 1, 4, 1, 3, 1, 4, 1, 3, 2, 3, 1, 4, 3, 2, 4, 2, 3, 2, 1, 0, 3, 2, 4, 2
095 dan.xml, 0.001447, 3, 1, 0, 1, 3, 2, 4, 2, 4, 3, 1, 3, 1, 4, 2, 4, 2, 3, 1, 3, 2, 4, 2
096 dan.xml, 0.000665, 3, 1, 4, 1, 2, 3, 2, 4, 1, 4, 1, 3, 4, 2, 3, 1, 4, 1, 0, 3, 1, 4, 1, 3, 2, 4
097 dan.xml, 0.00714, 3, 4, 1, 4, 2, 3, 4, 1, 3, 1, 4, 1, 3, 2, 4, 3, 1, 4, 2, 3, 1, 4, 2, 3, 2, 4, 2, 3, 2, 4
098 dan.xml, 0.02382, 1, 3, 1, 4, 1, 3, 4, 2, 3, 2, 4, 3, 1, 4, 2, 3, 1, 3, 2, 3, 1, 3, 2, 3, 1, 4, 1, 3, 2
099 dan.xml, 0.017644, 3, 1, 3, 2, 3, 1, 4, 2, 1, 3, 2, 4, 3, 1, 3, 2, 4, 3, 1, 4, 1, 3, 4, 2, 3, 2, 3, 1, 4, 2
100.xml, 0.065614, 1, 4, 2, 4, 1, 3, 4, 2, 3, 2, 4, 1, 4, 3, 2, 4, 1, 4, 3, 2, 3, 1, 4, 1, 3, 2, 1, 4, 2, 3, 4, 1, 0, 3, 1, 4, 2, 3, 1, 3, 2, 4, 2, 4, 1, 3, 4, 1, 3, 2
101.xml, 0.05011, 3, 1, 4, 2, 3, 4, 2, 3, 1, 4, 2, 4, 1, 3, 2, 3, 0, 3, 2, 4, 1, 3, 1, 2, 4, 0, 4, 1, 3, 1, 3, 2
102.xml, 0.007424, 1, 2, 3, 1, 3, 2, 4, 2, 4, 3, 1, 4, 1, 3, 2, 4, 2, 1, 3, 2, 3, 2, 4, 3, 1, 4
103.xml, 0.093824, 3, 1, 3, 4, 2, 1, 3, 1, 4, 2, 3, 1, 4, 2, 1, 3, 2, 3, 4, 0, 3, 2, 3, 2, 4, 3, 2, 3, 4, 1, 3, 2, 4, 1, 3, 2, 4, 1
104.xml, 0.557818, 1, 2, 3, 1, 3, 1, 3, 1, 2, 4, 2, 1, 4, 2, 1, 3, 2, 3, 4, 2, 3, 2, 4, 1, 2, 3, 1, 4, 3, 2, 4, 1, 2, 3, 1, 4, 2, 4, 3
105.xml, 0.005348, 3, 1, 4, 1, 4, 3, 2, 4, 2, 3, 2, 4, 3, 1, 4, 2, 3, 4, 1, 3, 2, 1, 3
106.xml, 0.009169, 3, 1, 2, 4, 1, 4, 1, 3, 2, 3, 2, 4, 2, 4, 3, 2, 4, 3, 1, 3, 1, 3, 1, 4, 2, 3, 2, 1, 2, 4, 1, 2, 3, 1, 4, 2, 3, 4, 1, 4
107 dan.xml, 0.002134, 3, 1, 4, 2, 3, 4, 1, 3, 1, 3, 2, 4, 1, 4, 2, 1, 3, 2, 4, 2, 3, 1, 4, 1, 4
108 dan.xml, 0.063961, 3, 1, 3, 4, 2, 1, 3, 2, 3, 2, 1, 4, 1, 3, 2, 4, 2, 3, 1, 4, 3, 2, 4, 1, 2, 4, 3, 2, 4, 1, 2, 4, 1, 4, 3, 2
109 dan.xml, 0.015418, 1, 2, 3, 1, 3, 1, 4, 3, 1, 4, 2, 3, 1, 4, 3, 2, 4, 1, 3, 4, 2, 4, 2, 3, 4, 1, 3, 1, 3, 2, 4, 2, 4, 1, 2, 3
110 dan.xml, 0.007056, 1, 3, 4, 2, 3, 1, 3, 4, 1, 3, 2, 3, 1, 4, 2, 1, 4, 2, 1, 3, 1, 3, 2, 3, 2, 4, 1, 3
111 dan.xml, 0.085587, 3, 1, 3, 1, 3, 1, 4, 3, 2, 3, 1, 2, 4, 1, 4, 2, 4, 3, 2, 3, 1, 4, 3, 2, 4, 2, 4, 1, 0, 1, 3, 2, 3, 1
112 dan.xml, 0.029256, 1, 2, 3, 1, 3, 1, 4, 2, 4, 1, 4, 3, 4, 1, 4, 3, 1, 4, 2, 3, 4, 2, 3, 2, 3, 1, 4, 2, 4, 1, 2, 3, 1, 4, 1, 2, 4, 3, 1, 4, 2, 4
113 dan.xml, 0.006167, 3, 1, 4, 3, 2, 4, 1, 4, 1, 4, 1, 3, 1, 2, 4, 0, 3, 2, 4, 1, 3, 2, 3, 2, 4, 1, 3, 1, 4, 1, 0, 3, 1, 4, 2, 3, 1
114 dan.xml, 0.006148, 3, 1, 4, 2, 3, 2, 3, 1, 3, 2, 3, 2, 1, 4, 2, 3, 0, 1, 2, 1, 3, 1, 4, 2, 4, 1, 4, 2, 4, 2, 4, 1, 3, 1, 3
115 dan.xml, 0.002576, 3, 1, 3, 4, 2, 4, 1, 3, 1, 4, 2, 3, 2, 4, 3, 2, 1
116 dan.xml, 0.006822, 3, 1, 0, 1, 3, 2, 4, 2, 3, 1, 4, 3, 1, 4, 2, 3, 1, 3, 4, 2, 4, 1, 4
117 dan.xml, 0.001433, 1, 3, 2, 1, 4, 2, 3, 1, 3, 2, 4, 3, 1, 4, 2, 4, 1, 3, 2, 4
118 dan.xml, 0.012735, 3, 4, 1, 3, 1, 4, 2, 1, 3, 1, 4, 2, 3, 1, 3, 4, 3, 2, 4, 2, 3, 2, 4, 2, 3, 1, 4, 2, 4, 2
119 dan.xml, 0.013003, 3, 4, 1, 3, 2, 1, 4, 2, 3, 4, 1, 3, 2, 3, 2, 4, 1, 4, 2, 4, 3, 1, 3, 1, 4, 3, 2, 4, 1, 3, 2, 1
120 dan.xml, 0.00741, 1, 3, 2, 4, 2, 3, 1, 0, 3, 1, 4, 2, 1, 3, 1, 4, 2, 3, 1, 4, 2, 4, 2, 1, 3, 1, 4, 2, 4, 1, 2, 4, 2, 4, 1, 3, 2, 3
121 dan.xml, 0.014001, 1, 3, 4, 2, 3, 1, 4, 1, 3, 1, 4, 2, 1, 3, 1, 4, 2, 3, 1, 3, 4, 3, 2, 4, 2, 3, 2, 4, 2, 4, 2, 4, 3, 1, 3, 1, 3, 2, 4, 1, 2, 3, 1, 4, 2, 3, 1, 4
122 dan.xml, 0.002588, 3, 1, 4, 2, 3, 2, 1, 4, 1, 4, 1, 3, 2, 4, 1, 3, 2, 4, 2, 3, 1, 4, 2, 3, 1, 4, 2, 4, 1, 2, 3, 1, 4, 2, 3
123 dan.xml, 0.005926, 3, 1, 4, 2, 3, 2, 1, 3, 2, 4, 1, 3, 1, 2, 4, 1, 3, 1, 3, 1, 4, 2, 4, 1, 2, 3, 1, 3, 2, 4, 2, 4, 1, 2, 3, 1, 3, 4, 2
124 dan.xml, 0.078115, 1, 3, 1, 4, 1, 3, 4, 2, 3, 2, 4, 2, 3, 1, 3, 1, 4, 1, 4, 3, 2, 3, 2, 4, 3, 1, 4, 1, 3, 2, 1, 4, 2, 3, 1, 3, 2, 4, 2, 3, 2, 4, 0, 3, 2, 4, 1, 3
125 dan.xml, 0.072286, 1, 2, 3, 1, 3, 1, 3, 2, 4, 2, 4, 1, 4, 1, 3, 2, 4, 3, 1, 4, 2, 3, 4, 2, 4, 1, 3, 1, 4, 3, 2, 4, 2, 4, 2, 4, 0, 1, 3, 2, 4, 2, 1, 2, 3, 1, 3, 1, 3, 2, 4, 1, 4, 2, 4, 1, 4, 1, 4, 1, 4
126 dan.xml, 0.088164, 1, 4, 1, 3, 1, 3, 1, 3, 2, 4, 1, 4, 2, 4, 2, 3, 1, 0, 3, 2, 0, 2, 3, 2, 3, 1, 3, 2, 4, 0, 2, 4, 1, 0, 3, 2, 4, 3, 1, 4, 1, 4, 2, 4, 1, 3, 1, 4, 2
127 dan.xml, 1.689845, 1, 3, 2, 3, 4, 1, 3, 2, 3, 4, 2, 4, 3, 1, 4, 2, 1, 3, 2, 4, 3, 1, 4, 1, 4, 2, 4, 1, 4, 1, 2, 3, 1, 0, 3, 1, 2, 3, 1, 4, 1, 3, 2, 3, 4, 1, 3, 2, 1, 4, 2, 3, 1, 3, 2, 3, 1
128 dan.xml, 0.240961, 1, 3, 1, 4, 1, 3, 1, 4, 3, 2, 4, 2, 4, 1, 3, 4, 2, 0, 3, 1, 3, 1, 4, 1, 4, 1, 4, 1, 2, 3, 2, 4, 1, 4, 2, 3, 2, 3, 2, 4, 2, 3, 2, 4, 2, 1, 0, 4, 2, 3, 1, 3, 2, 1
129 dan.xml, 173.279983, 3, 1, 4, 1, 3, 2, 4, 1, 4, 2, 4, 3, 0, 4, 2, 3, 2, 4, 1, 2, 3, 1, 3, 2, 4, 2, 4, 2, 1, 3, 2, 4, 2, 4, 1, 3, 1, 4, 1, 4, 2, 3, 4, 1, 3, 2, 0, 3, 1, 3, 2, 0, 3, 1, 4, 1, 3, 2, 4, 1, 3, 1, 3, 2, 3, 2, 3, 1, 4, 1, 3, 2, 4, 3, 1, 4, 2, 1, 3, 0, 4, 1, 4, 2, 0, 1, 3, 1, 3, 2, 3, 2, 3, 1, 4, 1, 4, 2, 3
130 dan.xml, 0.051605, 3, 1, 4, 2, 3, 2, 1, 3, 1, 3, 2, 3, 1, 3, 0, 2, 3, 1, 4, 1, 4, 2, 3, 4, 1, 3, 1, 4, 2, 3, 1, 3, 4, 2, 4, 1, 4, 2, 3, 1, 3, 2
131 dan.xml, 0.007351, 3, 1, 4, 2, 1, 4, 1, 3, 1, 4, 1, 4, 2, 3, 2, 1, 4, 1, 3, 2, 4, 3, 1, 4, 1, 3, 1, 4
132 dan.xml, 0.028675, 3, 1, 3, 2, 1, 4, 2, 4, 1, 4, 1, 3, 1, 4, 2, 1, 4, 2, 3, 1, 3, 1, 3, 2, 3, 2, 4, 1, 4, 2, 4, 3, 1, 3, 1, 4, 2
133 dan.xml, 0.007577, 1, 3, 1, 3, 2, 4, 3, 1, 4, 2, 3, 1, 3, 1, 3, 2, 4, 1, 3, 4, 2, 4, 2, 4, 0, 3, 1, 3, 1, 4, 2, 1, 3, 2, 4
134 dan.xml, 0.04408, 1, 3, 2, 4, 2, 3, 1, 4, 1, 3, 2, 3, 1, 0, 3, 1, 4, 0, 3, 1, 4, 2, 4, 1, 3, 2, 4, 1, 4, 1, 3, 2, 1, 4, 2, 3, 1, 4, 2
135.xml, 0.025781, 3, 1, 4, 1, 3, 2, 4, 2, 1, 3, 1, 3, 2, 1, 4, 0, 4, 2, 3, 2, 1, 4, 1, 3, 2
136.xml, 0.004481, 1, 3, 1, 4, 2, 3, 1, 0, 1, 4, 3, 2, 4, 3, 1, 4, 1, 4, 2, 4, 3, 1, 4
137.xml, 0.005984, 1, 3, 1, 3, 2, 4, 2, 4, 1, 3, 1, 4, 3, 0, 4, 2, 3, 0, 3, 2, 4, 1, 4, 2, 4, 1, 4, 2
138.xml, 0.041026, 3, 1, 4, 2, 1, 3, 2, 1, 4, 2, 3, 1, 2, 4, 1, 3, 2, 4, 1, 3, 4, 2, 3, 2, 4, 3, 1, 4
139.xml, 0.030338, 1, 4, 2, 3, 2, 1, 4, 1, 3, 2, 3, 1, 4, 1, 4, 1, 3, 2, 1, 4, 2, 3, 1, 4, 1, 3, 2, 1, 4, 2, 3
140.xml, 0.001284, 3, 1, 4, 0, 1, 3, 2, 4, 2, 3, 1, 4, 2, 1, 3, 2, 1
141.xml, 0.042235, 3, 4, 1, 3, 2, 1, 4, 2, 3, 2, 1, 3, 4, 2, 3, 1, 4, 2, 1, 4, 3, 2, 4, 2, 4, 3, 2, 4
142.xml, 0.009104, 3, 1, 4, 1, 4, 1, 3, 2, 4, 2, 4, 3, 2, 4, 1, 3, 1, 4, 2, 1, 3, 1, 3, 2
143.xml, 0.637862, 1, 3, 2, 1, 3, 4, 2, 3, 2, 4, 1, 3, 4, 2, 4, 3, 0, 1, 4, 1, 4, 3, 2, 4, 2, 3, 1, 3, 1, 2, 3, 1, 2, 4, 2
144.xml, 0.106472, 3, 1, 4, 1, 4, 2, 3, 1, 4, 1, 3, 1, 4, 1, 3, 2, 0, 2, 3, 2, 4, 1, 3, 1, 3, 2, 3, 2, 1, 4, 2
145 dan.xml, 0.074085, 3, 1, 4, 1, 4, 3, 2, 4, 1, 3, 4, 1, 3, 2, 4, 3, 1, 3, 1, 4, 1, 3, 4, 1, 3, 2, 4, 3, 1, 4, 2, 4, 3, 2, 4, 1, 4, 1
146 dan.xml, 0.055527, 3, 1, 3, 2, 4, 1, 3, 1, 3, 2, 0, 1, 4, 1, 3, 2, 3, 4, 1, 3, 2, 4, 2, 3, 4, 1, 3, 1, 4, 1, 3, 1, 4
147 dan.xml, 0.027239, 1, 3, 4, 2, 3, 1, 4, 1, 3, 1, 4, 2, 1, 3, 2, 4, 1, 4, 2, 3, 4, 1, 3, 2, 3, 1, 4, 2, 1, 3, 2, 4, 1, 3
148 dan.xml, 0.115231, 3, 1, 4, 1, 3, 2, 4, 3, 1, 3, 2, 1, 4, 1, 4, 2, 0, 1, 3, 1, 3, 2, 3, 1, 4, 1, 2, 3, 2, 4, 1, 2, 3, 1, 4, 2, 3, 4, 1, 3, 2, 1, 4, 2, 3, 2
149 dan.xml, 0.019193, 1, 2, 3, 1, 3, 1, 4, 3, 2, 4, 1, 4, 1, 3, 2, 4, 3, 1, 3, 2, 4, 3, 1, 4, 2, 1, 4, 2, 4, 1, 3, 4, 1, 3, 1, 4, 2
150 dan.xml, 0.137775, 1, 2, 3, 1, 4, 2, 3, 1, 4, 2, 3, 1, 2, 4, 1, 0, 1, 4, 1, 2, 3, 2, 3, 1, 4, 2, 3, 2, 1, 3, 2, 4, 1, 2, 0, 2, 4, 1, 4, 2, 3, 1
151 dan.xml, 0.018401, 1, 3, 1, 3, 2, 1, 4, 2, 3, 2, 4, 2, 3, 1, 3, 2, 3, 1, 4, 2, 4, 1, 3, 0, 1, 3, 2, 4, 2
152 dan.xml, 0.023779, 3, 1, 4, 1, 4, 2, 1, 4, 2, 3, 2, 1, 3, 2, 3, 4, 2, 3, 1, 3, 1, 4, 1, 3, 2, 4, 1, 3, 2, 4, 1
153 dan.xml, 0.06201, 3, 1, 2, 4, 1, 4, 1, 3, 2, 1, 4, 2, 3, 1, 3, 1, 4, 2, 4, 1, 4, 2, 4, 1, 3, 2, 3, 4, 1, 4, 2, 4, 3, 1, 3, 2, 3, 2, 4, 1, 3, 1, 3, 1, 4, 0, 3, 2, 4, 2, 3, 0, 4, 2, 1, 4, 1, 4, 3, 2, 4
154 dan.xml, 0.030973, 3, 1, 3, 2, 4, 1, 4, 2, 1, 4, 1, 4, 2, 3, 2, 4, 1, 3, 2, 3, 1, 4, 2, 1, 3, 2, 4, 3, 1, 4, 1, 3, 2, 4, 2, 4
155 dan.xml, 0.101417, 3, 1, 3, 2, 1, 4, 1, 3, 2, 4, 1, 0, 1, 3, 2, 4, 3, 1, 4, 1, 3, 2, 3, 1, 4, 2, 1, 3, 2, 3, 0, 3, 1, 3, 2, 4
156 dan.xml, 0.022574, 3, 1, 4, 1, 4, 2, 3, 2, 3, 1, 4, 1, 2, 3, 0, 4, 2, 1, 4, 3, 2, 3, 1, 4, 3, 2, 4, 2, 3
157 dan.xml, 0.063245, 1, 3, 1, 3, 1, 4, 3, 2, 4, 2, 0, 3, 1, 4, 3, 1, 3, 2, 3, 2, 4, 2, 1, 3, 1, 4, 1, 3, 2, 4, 1, 4, 2, 3, 4, 1, 3, 2, 4, 2, 3, 1, 4
158 dan.xml, 0.022562, 3, 1, 3, 2, 4, 2, 3, 1, 4, 3, 2, 4, 1, 3, 1, 4, 2, 4, 1, 3, 1, 4, 2, 1, 3, 2, 4, 2, 3, 1, 3, 2, 4, 3, 1, 4, 2, 3, 2, 4, 2, 4, 3, 1, 3, 2, 4, 2, 3, 1, 4, 2, 3, 1
159 dan.xml, 0.063296, 1, 3, 2, 1, 3, 1, 4, 2, 1, 3, 2, 4, 2, 3, 1, 4, 2, 3, 4, 0, 3, 1, 3, 0, 4, 1, 4, 2, 4, 1, 3, 1, 4, 1, 3, 2, 1, 3, 2, 3, 2, 3, 4, 1, 4, 2
160 dan.xml, 0.001504, 3, 1, 3, 2, 4, 1, 3, 2, 0, 1, 3, 1, 3, 2, 4, 1, 4, 2, 3
161 dan.xml, 0.002776, 3, 1, 2, 4, 1, 3, 2, 3, 1, 4, 1, 3, 4, 2, 4, 1
162 dan.xml, 0.020291, 3, 1, 2, 4, 1, 3, 1, 3, 1, 4, 2, 1, 4, 1, 4, 1, 3, 2, 3, 2, 1, 4, 2, 4, 2, 1, 3
163 dan.xml, 0.009368, 3, 1, 2, 4, 1, 3, 1, 3, 2, 1, 4, 2, 3, 4, 1, 3, 2, 3, 1, 4, 2, 4, 2, 3, 2, 4, 1, 4, 2
164 dan.xml, 0.000798, 3, 1, 3, 1, 4, 2, 3, 1, 4, 2, 1, 3, 1, 3, 1, 3, 2, 1, 4, 2, 3, 1, 4
165 dan.xml, 0.036799, 1, 3, 1, 3, 2, 4, 2, 1, 3, 1, 4, 2, 4, 2, 3, 1, 3, 2, 4, 3, 1, 3, 1, 3, 2, 4, 1, 3, 1, 3, 2, 4, 3, 1, 4, 2, 3, 1, 3, 2, 3
166 dan.xml, 0.036475, 1, 3, 1, 4, 1, 3, 2, 3, 1, 4, 2, 3, 0, 3, 1, 3, 1, 4, 2, 4, 1, 3, 2, 3, 1, 3, 2, 4, 1, 3, 2, 4, 3, 1, 4, 2, 3, 2, 3
167 dan.xml, 0.044597, 3, 1, 3, 1, 4, 1, 2, 3, 2, 3, 2, 4, 2, 3, 4, 0, 1, 3, 2, 4, 1, 3, 2, 3, 1, 2, 4, 1, 4, 1, 3, 1, 4, 2, 3, 1, 4, 3, 2, 3, 1, 3, 2, 4, 3, 1, 4, 2, 4
168 dan.xml, 0.001265, 1, 3, 2, 4, 3, 0, 3, 1, 3, 2, 4, 1, 4, 2, 4, 3, 1, 3, 2, 4
169 dan.xml, 0.002569, 1, 2, 3, 1, 3, 2, 4, 3, 2, 4, 1, 4, 2, 4, 1, 3
170 dan.xml, 2.681595, 3, 1, 4, 2, 3, 2, 4, 1, 4, 1, 3, 1, 4, 2, 3, 4, 1, 4, 2, 4, 1, 3, 1, 3, 2, 3, 4, 2, 3, 4, 2, 3, 2, 3, 4, 2, 3, 1, 0, 3, 1, 3, 2, 4, 2, 1
