001.xml, 0.100642, 3, 1, 4, 2
002.xml, 0.001584, 3, 1, 4, 2, 3
003.xml, 0.000968, 1, 3, 2, 4, 1, 4, 3
004.xml, 0.000836, 3, 1, 3, 2, 4, 1, 3, 2, 4, 1, 4, 2
005.xml, 0.000822, 1, 3, 2, 3, 1, 4, 3, 1, 4, 2, 4, 3, 2
006.xml, 0.00297, 3, 1, 2, 4, 1, 3, 2, 4, 3, 2, 3, 1, 4, 3, 2, 4, 1, 3, 4, 1, 4
007.xml, 0.000719, 3, 1, 2, 4, 1, 3, 2, 4, 3, 1, 4, 2
008.xml, 0.000654, 1, 3, 1, 4, 2, 3, 1
009.xml, 0.002853, 3, 1, 4, 1, 3, 2, 4, 3, 1, 4, 2, 1, 3, 2, 4, 1, 2, 3, 1, 4, 2, 1
010.xml, 0.000832, 3, 1, 3, 4, 2, 4, 1, 3, 1, 4, 2, 4, 3, 2, 4, 1
011.xml, 0.000545, 3, 1, 4, 2, 3, 1, 4, 2, 3, 1, 4, 2
012.xml, 0.000803, 3, 4, 1, 3, 2, 3, 1, 4, 3, 1, 3, 2, 4, 2, 1
013.xml, 0.000634, 3, 1, 4, 1, 3, 1, 4, 2
014.xml, 0.000636, 3, 1, 4, 2, 3, 1, 4, 2
015.xml, 0.00082, 3, 1, 3, 4, 2, 4, 1, 3, 2, 3, 2, 4, 1, 2, 3, 1, 4, 2
016.xml, 0.002168, 1, 3, 2, 1, 4, 2, 3, 1, 4, 3, 1, 2, 4, 1, 4, 2, 4, 3
017.xml, 0.010344, 3, 1, 2, 4, 1, 3, 2, 4, 3, 1, 4, 2, 1, 3, 2, 4, 1, 2, 3, 1, 4, 3, 2, 4, 1, 4, 3, 2
018.xml, 0.004644, 1, 2, 3, 1, 3, 2, 4, 2, 1, 3, 1, 4, 1, 3, 2, 3, 4, 1, 4, 2, 3, 1, 2, 4, 1, 3, 1, 2, 4, 2, 3, 2, 4, 3, 1, 3, 4, 2, 4, 1, 4, 3, 2
019.xml, 0.001021, 3, 4, 1, 3, 2, 4, 3, 1, 3, 2, 3, 2, 4, 2, 1, 4, 2
020.xml, 0.016249, 1, 3, 1, 3, 2, 3, 2, 4, 1, 4, 3, 2, 3, 1, 4, 3, 1, 3, 2, 4, 3, 1, 2, 4, 2, 1, 3, 4, 1, 2, 3, 2, 4, 3, 1, 4, 2, 1, 3
021.xml, 0.00201, 3, 1, 2, 4, 1, 4, 3, 2, 4, 1, 2, 3, 1, 3, 2, 4, 2, 1, 3, 1, 4, 2, 3, 1, 2, 3, 1
022.xml, 0.003345, 3, 1, 3, 2, 1, 4, 2, 4, 1, 3, 2, 4, 2, 1, 3, 0, 1, 3, 2, 4, 3, 1, 4, 2, 3, 1, 3, 2, 4, 3, 2, 4, 1, 4, 3, 1, 2, 4
023.xml, 0.001384, 3, 1, 4, 3, 2, 4, 1, 3, 2, 4, 1, 2, 4, 2, 1, 3, 2, 4, 3, 1, 4, 2, 3, 1, 4, 2, 1, 4
024.xml, 0.000721, 3, 1, 4, 2, 3, 2, 1, 4, 1, 3, 2, 4, 2, 1, 3
025.xml, 0.001142, 3, 1, 2, 4, 1, 3, 2, 4, 3, 1, 4, 1, 2, 3, 1, 4
026.xml, 0.000862, 1, 3, 2, 4, 1, 2, 3, 1, 4, 2, 3, 1, 3, 2, 4, 3, 2
027.xml, 0.001196, 3, 1, 4, 3, 2, 4, 1, 3, 1, 4, 3, 2, 4, 1, 2, 3, 1, 2, 3, 1, 4, 1
028.xml, 0.000785, 3, 1, 4, 3, 2, 4, 1, 3, 2, 4, 2, 1
029.xml, 0.000727, 1, 2, 3, 1, 4, 2, 3, 2, 1, 4, 2
030.xml, 0.013785, 3, 1, 2, 4, 1, 4, 2, 3, 2, 4, 1, 4, 2, 1, 3, 2, 3, 1, 4, 1, 3, 2, 4, 3, 2, 1, 0, 3, 2, 1, 4, 2, 3, 2, 4, 1, 4, 2, 3, 4, 2, 1, 3, 4, 2, 3, 4, 1, 3
031.xml, 0.00691, 1, 2, 3, 1, 3, 2, 4, 3, 1, 4, 2, 3, 4, 1, 4, 2, 3, 4, 2, 3, 2, 1, 4, 3, 1, 4, 2, 1
032.xml, 0.003392, 3, 1, 4, 2, 1, 3, 2, 4, 1, 3, 2, 1, 4, 2, 1, 3, 0, 1, 3, 4, 2, 3, 1, 4, 2, 4, 3
033.xml, 0.000505, 3, 1, 2, 4, 1, 3, 2, 3, 1, 4, 2
034.xml, 0.001244, 1, 3, 2, 1, 4, 2, 3, 1, 4, 2, 1, 3, 2, 4, 3, 1, 4, 2, 3, 1
035.xml, 0.006404, 1, 3, 2, 1, 4, 2, 3, 1, 3, 2, 1, 4, 2, 3, 1, 2, 4, 1, 4, 3, 2, 1, 4, 2
036.xml, 0.005197, 1, 2, 3, 1, 4, 2, 1, 3, 2, 3, 4, 2, 1, 4, 2, 1, 3, 2, 4, 2, 3
037.xml, 0.004654, 1, 3, 2, 4, 3, 1, 4, 3, 2, 4, 3, 1, 4, 3, 2, 4, 1, 2, 3, 1, 4, 2
038.xml, 0.007511, 1, 3, 4, 2, 3, 1, 4, 2, 1, 3, 1, 2, 4, 1, 2, 3, 1, 4, 2, 3, 4, 1, 3, 2, 1, 4, 2, 3, 2, 1
039.xml, 0.001245, 1, 2, 3, 1, 4, 3, 1, 4, 2, 1, 3, 2, 3, 1, 3, 2, 1, 4, 2, 4, 2, 1, 3, 1, 3
040.xml, 0.004455, 1, 3, 2, 4, 1, 2, 3, 1, 4, 2, 3, 4, 1, 3, 4, 2, 3, 2, 1, 4, 3
041.xml, 0.012821, 3, 1, 2, 4, 1, 3, 2, 4, 3, 2, 1, 4, 2, 1, 3, 2, 4, 3, 2, 4, 1, 2, 3, 1, 2, 4, 1, 4, 3
042.xml, 0.005196, 3, 1, 2, 4, 1, 3, 1, 2, 4, 1, 3, 4, 2, 4, 3, 1, 4, 1, 2, 4, 3, 1, 4, 2, 1, 3, 2
043.xml, 0.003011, 1, 2, 3, 1, 3, 1, 4, 2, 3, 4, 1, 4, 2, 1, 3, 2, 4, 3, 1, 3, 1, 4, 2, 1, 3, 2, 4, 2, 4, 1, 3, 4, 2, 3, 4, 1, 3, 2
044.xml, 0.012347, 1, 3, 2, 1, 4, 2, 3, 1, 4, 2, 3, 4, 1, 3, 2, 3, 4, 1, 4, 3, 0, 3, 2, 1, 4, 2, 3, 1, 2, 4, 3, 1, 4, 3, 2, 4, 1, 4, 1, 4, 2
045.xml, 0.001131, 1, 2, 3, 1, 4, 2, 3, 2, 1, 4, 2, 3, 1, 4, 2
046.xml, 0.001325, 3, 1, 4, 1, 3, 2, 4, 1, 3, 2, 1, 4, 2, 3, 1, 3, 4, 2, 3
047.xml, 0.014755, 3, 1, 4, 2, 1, 3, 2, 1, 4, 2, 1, 3, 2, 1, 4, 2, 1, 3, 2, 1, 4, 2, 1, 3, 2, 1
048.xml, 0.008344, 1, 3, 2, 1, 4, 2, 3, 1, 4, 2, 3, 2, 4, 1, 2, 4, 1, 3, 2, 1, 4, 1, 3, 2, 1, 4, 2, 3, 1, 4, 2, 4, 1, 2, 4, 1, 3, 2, 0, 2, 4, 3, 1, 0, 2, 4, 1, 3, 4, 2, 3, 1, 4, 3
049.xml, 0.003425, 3, 1, 4, 2, 1, 3, 1, 4, 1, 2, 3, 1, 2, 4, 1, 4, 2, 0, 2, 3, 4, 1, 4, 3, 2, 4, 1, 3, 2, 3
050.xml, 0.007992, 1, 3, 2, 4, 1, 2, 4, 2, 3, 1, 3, 4, 2, 4, 1, 3, 2, 1, 4, 2, 4, 1, 3, 4, 2, 3, 1, 3, 1, 4, 2, 1, 3, 2, 4, 1, 2, 3, 4, 1
051.xml, 0.019017, 3, 1, 2, 4, 1, 3, 2, 1, 3, 1, 2, 3, 2, 4, 1, 2, 3, 1, 4, 2, 4, 3, 1, 4, 2, 3, 4, 1, 4, 1, 4, 2, 3, 4, 1, 3, 2, 3, 2, 1, 4, 2, 1, 3, 2
052.xml, 0.004343, 3, 1, 4, 1, 4, 3, 2, 3, 2, 4, 1, 3, 2, 4, 1, 2, 3, 1, 3, 2, 4, 3, 2, 3, 4, 1, 3, 4, 1, 3
053.xml, 0.031645, 1, 3, 2, 4, 3, 1, 4, 3, 2, 4, 3, 1, 4, 3, 2, 4, 3, 1, 4, 2, 4, 1, 3, 4, 2, 3, 4, 1, 3, 4, 2, 3, 4, 1, 3
054.xml, 0.004136, 3, 4, 1, 3, 1, 4, 2, 1, 3, 2, 4, 2, 1, 3, 1, 4, 3, 2, 4, 1, 2, 4, 1, 2, 3, 1, 4, 1, 3, 2, 3, 1, 2, 4, 1, 3, 1, 3, 2
055.xml, 0.133159, 1, 3, 1, 4, 3, 1, 2, 4, 1, 2, 4, 2, 4, 2, 4, 1, 2, 3, 1, 3, 1, 3, 4, 2, 1, 3, 4, 2, 1, 4, 2, 4, 2, 3, 1, 3, 1, 2, 3, 1, 4, 2, 4, 3, 1, 2, 3, 2, 1, 4, 2, 1
056.xml, 0.041835, 1, 3, 2, 1, 4, 2, 3, 1, 3, 4, 2, 1, 4, 3, 2, 1, 4, 3, 2, 4, 1, 4, 2, 3, 2, 1, 3, 4, 2, 1, 4, 1, 3, 2, 1, 4, 2, 3
057.xml, 0.423424, 1, 3, 4, 2, 3, 1, 4, 3, 2, 4, 1, 4, 2, 1, 3, 2, 3, 1, 3, 2, 4, 2, 1, 3, 2, 1, 3, 1, 2, 4, 1, 3, 4, 1, 4, 1, 4, 2, 3, 2, 1, 4, 1, 3, 2, 3, 2, 1, 4, 1, 4, 2, 1, 3, 2, 1, 4, 2, 4, 3, 4, 2, 3, 4, 1, 3, 2, 3, 4, 1, 4, 2, 3, 2, 4, 1, 3, 4, 2, 3, 2, 4, 2, 1
058.xml, 3.786525, 1, 2, 3, 1, 4, 2, 1, 4, 1, 3, 2, 1, 4, 2, 3, 1, 4, 2, 1, 3, 1, 4, 3, 2, 4, 3, 2, 3, 4, 2, 3, 4, 1, 3, 1, 2, 4, 1, 2, 3, 1, 4, 3, 2, 4, 1, 2, 3, 1, 4, 2, 1, 4, 2, 4, 2, 1, 3, 1, 2, 1, 4, 3, 1, 3, 2, 4, 1, 3, 0, 3, 1, 3, 2, 1, 4, 2, 4, 0, 3, 2, 1, 4, 2, 4, 3, 1, 4, 2, 4, 2, 3, 4, 2, 3, 1, 4, 3, 2, 1, 3, 4, 2, 4, 3
059.xml, 0.004855, 3, 1, 2, 4, 1, 4, 2, 3, 4, 1, 3, 1, 4, 2, 3, 4, 1, 3, 1, 3, 2, 4, 1, 4, 3, 2, 3, 1, 4, 2, 3, 2, 3, 2, 4, 2, 1
060.xml, 0.010158, 3, 1, 4, 3, 2, 4, 1, 4, 3, 2, 4, 2, 3, 4, 1, 3, 2, 4, 2, 1, 2, 3, 2, 1, 4, 3, 2, 4, 3, 1, 4, 2, 4, 3, 1, 4, 2, 3, 1, 2, 4, 1, 3, 2, 4
061.xml, 0.008855, 1, 2, 3, 1, 4, 3, 1, 4, 2, 1, 4, 1, 4, 2, 3, 4, 1, 3, 2, 4, 1, 3, 2, 1, 4, 3, 1, 4, 2, 3, 1, 4
062.xml, 0.038294, 1, 3, 4, 2, 3, 1, 3, 4, 1, 4, 2, 3, 4, 1, 3, 2, 4, 3, 2, 4, 3, 1, 4, 1, 2, 4, 1, 4, 3, 1, 4, 2, 3, 4, 0, 3, 1, 2, 4, 1, 3, 2, 1, 4, 1, 3, 2, 1, 4, 2, 3, 1, 4, 3
063.xml, 0.01413, 3, 1, 2, 4, 1, 3, 2, 3, 1, 4, 2, 1, 3, 4, 1, 2, 3, 1, 4, 3, 2, 3, 2, 1, 2, 4, 1, 3, 2, 3, 1, 4, 3, 2, 4, 1, 4, 2, 3, 1, 0, 3, 1, 2, 4, 1, 3, 2, 3, 1, 4, 2, 1, 4, 3, 1, 4, 2, 1, 3, 2, 4, 3, 1, 2, 4, 1
064.xml, 0.097147, 1, 2, 3, 1, 4, 2, 1, 4, 2, 1, 4, 2, 1, 3, 2, 4, 3, 2, 4, 3, 1, 4, 3, 2, 4, 1, 3, 4, 1, 3, 1, 2, 4, 1, 2, 3, 1, 4, 3, 1, 4, 2, 1, 3, 2, 4, 1, 2, 4
065 dan.xml, 0.009747, 1, 3, 1, 2, 4, 2, 3, 1, 3, 1, 3, 1, 4, 2, 3, 2, 1, 3, 1, 2, 4, 2, 3, 1, 3, 2, 4, 1, 4, 3
066 dan.xml, 0.004007, 1, 2, 3, 1, 4, 2, 1, 4, 3, 2, 4, 1, 3, 2, 1, 4, 2, 3
067 dan.xml, 0.001705, 1, 3, 1, 4, 2, 4, 1, 3, 1, 3, 2, 1, 4, 2, 4, 2, 3, 1, 3, 2, 4, 2, 3, 1, 4, 2, 3, 2, 4, 3, 4, 1, 3, 1, 4, 2, 4, 1, 3, 1, 3, 2, 3, 1, 2, 4, 1, 2, 3
068 dan.xml, 0.0012, 1, 3, 2, 1, 4, 2, 3, 1, 4, 1, 3, 2, 1, 4, 2, 3, 1, 4
069 dan.xml, 0.007358, 3, 1, 3, 4, 2, 4, 1, 3, 1, 4, 1, 3, 2, 3, 2, 3, 2, 4, 1, 2, 3, 1, 4, 2, 4, 1, 3, 2, 0, 1, 3, 1, 4, 1, 3, 2, 3, 2, 3, 4, 1, 4, 1, 4, 2, 3, 2, 4, 2, 3, 1, 3, 2, 3, 1, 4, 1, 2, 3, 2, 4, 1, 4, 3, 2, 1
070 dan.xml, 0.00146, 1, 3, 1, 2, 4, 2, 3, 1, 4, 1, 3, 2, 3, 2, 4, 3, 1, 4, 1, 4, 2, 3, 1
071 dan.xml, 0.021153, 3, 1, 3, 1, 4, 3, 2, 4, 2, 4, 1, 3, 2, 4, 2, 1, 2, 3, 1, 3, 1, 4, 2, 3, 2, 1, 4, 1, 3, 2, 4, 2, 4, 3, 2, 1, 3, 2, 4, 2, 1, 3, 1, 4, 2, 3, 2, 4, 1, 2, 3, 1, 4, 1, 3, 1, 4, 2, 1, 4, 2, 3, 4, 1, 3, 1, 4, 1, 3, 4, 2, 3, 2, 1
072 dan.xml, 0.003062, 3, 1, 4, 2, 1, 3, 2, 4, 1, 3, 2, 4, 1, 2, 3, 1, 4, 2, 3, 4, 2, 3, 1, 4, 2
073 dan.xml, 0.012715, 1, 3, 2, 1, 4, 2, 3, 1, 3, 2, 3, 1, 4, 2, 1, 4, 3, 1, 4, 2, 1, 3, 2, 4, 1, 4, 3, 1, 4, 1, 2, 4, 1, 2, 3, 1, 4, 2, 3, 4, 2, 3, 1, 2, 4, 1, 3, 2
074 dan.xml, 0.000996, 3, 1, 2, 4, 1, 3, 1, 4, 2, 3, 1, 3, 4, 2, 3, 1, 4
075 dan.xml, 0.000917, 3, 1, 2, 4, 1, 3, 2, 4, 1, 0, 1, 3, 4, 2, 3, 1, 4, 2, 3, 4, 1, 3, 2, 3, 1
076 dan.xml, 0.010017, 1, 3, 4, 2, 3, 1, 4, 1, 3, 2, 4, 1, 2, 3, 1, 4, 3, 1, 2, 4, 0, 3, 1, 2, 4, 1, 3, 4, 1, 2, 3, 1, 4
077 dan.xml, 0.001491, 1, 3, 4, 2, 3, 1, 4, 2, 3, 1, 4, 3, 2, 1, 4, 2
078 dan.xml, 0.00213, 3, 1, 2, 4, 1, 3, 2, 3, 2, 4, 1, 4, 2, 1, 3, 1, 4, 2, 3, 1, 2, 3
079 dan.xml, 0.005122, 1, 3, 1, 2, 4, 2, 3, 1, 4, 1, 3, 2, 4, 0, 3, 1, 2, 4, 1, 3, 1, 4, 1, 2, 3, 2, 4, 2, 1, 3, 1, 4, 2, 4, 1, 3, 4, 2, 3, 2, 4, 1, 4
080 dan.xml, 0.001484, 1, 3, 1, 2, 4, 2, 3, 1, 4, 1, 4, 1, 3, 2, 3, 2, 3, 1, 4, 2, 3, 2, 4, 1, 2, 3, 1, 4, 1, 3, 2, 4, 1
081 dan.xml, 0.001025, 1, 3, 1, 3, 1, 2, 4, 2, 4, 2, 3, 1, 4, 1, 4, 2, 3, 2, 4, 1, 3, 2, 4, 1, 3
082 dan.xml, 0.004645, 3, 1, 3, 4, 2, 4, 1, 4, 1, 3, 1, 2, 4, 1, 4, 3, 1, 2, 4, 1, 2, 3, 1, 3, 4, 2, 4, 2, 4, 1, 4, 2, 3, 1, 3, 2, 3, 2, 4, 2, 1, 3, 4
083 dan.xml, 0.001252, 3, 1, 4, 3, 2, 4, 1, 3, 2, 3, 2, 4, 2, 1, 0, 1, 3, 2, 3, 2, 4, 3, 1, 4, 1, 4, 2, 3, 1, 4, 2, 1, 4
084 dan.xml, 0.00336, 3, 1, 2, 4, 1, 3, 2, 4, 1, 3, 4, 2, 3, 2, 4, 3, 1, 4, 2, 3, 4, 1, 4, 2, 4, 2, 1, 3, 2
085 dan.xml, 0.028338, 1, 4, 1, 3, 2, 4, 3, 1, 4, 2, 3, 2, 3, 1, 4, 1, 4, 1, 3, 2, 4, 3, 1, 4, 1, 3, 2, 4, 1, 2, 4, 1, 3, 2, 4, 3, 1, 4, 2, 3, 2, 4, 1, 2, 3, 4, 2, 4, 1, 2, 3, 1, 2, 4, 1, 2, 3, 1
086 dan.xml, 0.010232, 3, 1, 4, 2, 4, 3, 1, 3, 2, 4, 1, 3, 1, 4, 2, 1, 3, 2, 3, 2, 4, 3, 1, 4, 0, 3, 2, 1, 4, 2, 3, 2, 4, 3, 1, 4, 2, 1, 3, 1, 2, 4, 2, 3, 1, 4, 2, 4, 2, 3, 4, 1, 3, 2, 4
087 dan.xml, 0.004529, 3, 1, 3, 1, 3, 2, 3, 4, 1, 4, 2, 4, 2, 4, 1, 3, 1, 4, 1, 3, 2, 3, 4, 1, 3, 2, 4, 2, 1, 3, 1, 4, 2, 1, 3, 2, 3, 2, 4
088 dan.xml, 0.007304, 3, 1, 3, 4, 2, 4, 1, 4, 2, 3, 2, 1, 2, 3, 1, 3, 1, 3, 2, 1, 4, 2, 4, 3, 2, 4, 1, 3, 2, 3, 1, 4, 3, 2, 4, 1, 3, 2, 4, 1, 4, 2, 3, 2, 4, 2, 3, 2, 1, 4, 1, 3, 1, 4, 1, 3, 2, 3, 1, 4, 2, 3
089 dan.xml, 0.026084, 1, 3, 4, 2, 3, 1, 3, 2, 3, 1, 3, 2, 3, 1, 4, 0, 3, 1, 3, 2, 3, 1, 2, 4, 1, 4, 2, 4, 1, 3, 2, 1, 3, 2, 1, 4, 2, 4, 1, 2, 3, 1, 4, 1, 4, 2, 3, 4, 1, 3, 0, 4, 2, 1, 3, 2, 4, 3, 2, 4, 2, 3, 1, 2, 4, 1, 4, 3, 2
090 dan.xml, 0.008542, 3, 4, 1, 3, 2, 1, 3, 2, 4, 1, 4, 1, 3, 2, 4, 3, 1, 4, 2, 3, 0, 1, 3, 2, 4, 1, 2, 3, 1, 4, 2, 4, 3, 1, 4, 3, 1, 3, 2, 4, 2, 4, 2, 1, 3, 4, 2, 3, 1, 4, 2
091 dan.xml, 0.069743, 1, 3, 4, 2, 3, 1, 4, 2, 1, 3, 2, 3, 2, 4, 1, 4, 3, 2, 3, 1, 4, 1, 3, 2, 4, 2, 1, 2, 3, 2, 4, 1, 4, 2, 4, 1, 4, 3, 2, 3, 1, 3, 4, 2, 4, 3, 1, 3, 2, 4, 3, 1, 4, 1, 3, 2, 1, 4, 2, 3, 1, 3, 4, 2, 1
092 dan.xml, 0.07996, 1, 3, 4, 2, 3, 1, 4, 3, 1, 4, 3, 1, 3, 2, 4, 3, 2, 4, 2, 4, 1, 3, 1, 2, 4, 2, 3, 1, 4, 1, 4, 3, 2, 3, 0, 3, 2, 4, 3, 1, 4, 1, 2, 0, 4, 3, 2, 4, 1, 2, 4, 1, 3, 1, 3, 4, 2, 3, 1, 4, 2, 1, 4, 2, 1, 3, 2, 4
093 dan.xml, 0.063667, 1, 3, 1, 2, 4, 2, 3, 1, 3, 2, 4, 1, 3, 2, 4, 3, 1, 4, 2, 3, 1, 4, 3, 2, 4, 3, 1, 4, 2, 1, 3, 1, 4, 2, 1, 3, 2, 3, 1, 4, 2, 3, 1, 0, 1, 3, 2, 3, 1, 4, 3, 2, 4, 1, 4, 2, 3, 1, 2, 4, 2, 4, 3, 1, 4, 3
094 dan.xml, 0.045144, 1, 2, 3, 1, 4, 1, 3, 2, 1, 4, 2, 1, 4, 2, 1, 3, 1, 2, 3, 1, 4, 3, 2, 4, 2, 3, 2, 1, 3, 2, 1, 4, 2, 3, 2, 4, 2, 1
095 dan.xml, 0.002742, 3, 1, 2, 4, 1, 3, 2, 4, 2, 4, 3, 1, 3, 1, 4, 2, 4, 2, 3, 1, 3, 2, 4, 2, 1, 3, 1, 4, 2
096 dan.xml, 0.000907, 3, 1, 4, 1, 2, 3, 2, 4, 1, 4, 1, 3, 4, 2, 3, 1, 4, 1, 0, 1, 4, 3, 2, 3, 1, 4, 1, 3, 2, 4
097 dan.xml, 0.006186, 3, 1, 2, 4, 1, 4, 2, 3, 4, 1, 3, 1, 4, 2, 1, 3, 2, 4, 3, 1, 4, 2, 3, 1, 4, 2, 3, 2, 4, 1, 2, 3, 1, 2, 4
098 dan.xml, 0.021835, 3, 1, 3, 2, 1, 4, 2, 4, 1, 3, 2, 1, 4, 2, 1, 3, 4, 2, 3, 2, 4, 3, 1, 4, 2, 1, 3, 4, 2, 3, 1, 3, 2, 4, 3, 1, 4, 3, 2, 4, 3, 1, 4, 2, 3, 1, 2, 4, 1, 3, 2
099 dan.xml, 0.018992, 1, 2, 3, 1, 4, 3, 2, 4, 3, 1, 4, 3, 2, 4, 2, 3, 1, 2, 4, 1, 4, 2, 1, 3, 2, 4, 3, 1, 3, 2, 4, 3, 1, 4, 1, 3, 4, 2, 3, 2, 3, 1, 4, 2
100.xml, 0.065147, 3, 1, 2, 4, 1, 4, 2, 4, 1, 3, 4, 2, 3, 2, 4, 1, 4, 3, 2, 4, 1, 4, 3, 2, 3, 1, 4, 1, 3, 2, 1, 4, 2, 3, 4, 1, 0, 1, 4, 2, 1, 3, 2, 3, 1, 4, 3, 1, 3, 2, 4, 3, 1, 4, 2, 4, 1, 3, 2, 1, 4, 2, 3, 1, 3, 4, 3, 2, 4, 1, 3, 4, 2, 3, 1, 3, 2, 4, 1, 2, 4, 1
101.xml, 0.045875, 1, 2, 3, 1, 4, 2, 3, 4, 2, 3, 2, 1, 4, 2, 3, 2, 4, 3, 1, 4, 1, 3, 1, 2, 4, 3, 0, 4, 1, 3, 4, 2, 3, 2, 4, 2, 1, 3, 1, 4, 3, 2, 4, 0, 3, 2, 4, 3, 1, 4, 1, 3, 2, 1, 4, 3, 2, 1
102.xml, 0.005399, 3, 1, 2, 4, 1, 4, 2, 3, 2, 4, 3, 1, 4, 1, 3, 2, 3, 2, 4, 3, 1, 4, 2, 3, 4, 1, 3, 1, 2, 4, 3, 2, 4, 3, 1, 4
103.xml, 0.099474, 1, 3, 4, 2, 3, 1, 3, 4, 2, 3, 1, 2, 4, 1, 3, 2, 1, 3, 2, 1, 4, 2, 3, 1, 4, 2, 1, 3, 2, 3, 4, 0, 4, 2, 3, 1, 2, 4, 1, 3, 2, 4, 3, 2, 4, 3, 1, 2, 3, 4, 1, 3, 2, 4, 2, 1, 4, 3, 2, 4, 1
104.xml, 0.485042, 1, 2, 3, 1, 3, 4, 1, 3, 4, 2, 3, 2, 4, 1, 2, 3, 1, 4, 3, 2, 4, 3, 1, 4, 1, 2, 3, 1, 3, 4, 1, 3, 2, 1, 4, 2, 4, 3, 2, 3, 4, 1, 3, 1, 2, 4, 2, 1, 4, 2, 1, 3, 2, 4, 3
105.xml, 0.004487, 3, 1, 4, 2, 1, 4, 3, 2, 3, 4, 2, 3, 2, 4, 3, 1, 4, 1, 2, 3, 4, 1, 4, 3, 2, 1, 3
106.xml, 0.009151, 3, 1, 2, 4, 1, 4, 1, 3, 2, 3, 2, 4, 2, 4, 3, 2, 4, 3, 1, 3, 1, 3, 2, 4, 3, 1, 4, 2, 3, 2, 1, 2, 4, 1, 2, 3, 1, 4, 2, 3, 4, 1, 4
107 dan.xml, 0.00239, 3, 1, 4, 2, 3, 4, 1, 3, 1, 3, 2, 4, 1, 4, 2, 1, 3, 2, 4, 2, 3, 1, 4, 2, 1, 4
108 dan.xml, 0.053677, 1, 3, 2, 3, 4, 1, 4, 2, 3, 1, 4, 3, 1, 3, 2, 4, 3, 1, 4, 2, 1, 3, 2, 4, 3, 1, 4, 1, 3, 2, 4, 2, 3, 4, 1, 4, 2, 1, 3, 2, 3, 1, 4, 1, 2, 3, 2, 4, 1, 2, 4, 3, 2, 4, 1, 2, 4, 1, 4, 3, 2
109 dan.xml, 0.014148, 1, 2, 3, 1, 3, 1, 4, 3, 1, 4, 2, 3, 1, 4, 3, 2, 4, 1, 3, 4, 2, 4, 2, 3, 4, 1, 3, 1, 3, 2, 3, 1, 4, 3, 2, 4, 2, 4, 2, 3, 4, 1, 3
110 dan.xml, 0.00726, 1, 3, 4, 2, 3, 1, 3, 4, 1, 3, 2, 4, 3, 1, 4, 2, 1, 4, 2, 4, 3, 1, 3, 1, 3, 2, 3, 2, 4, 1, 3
111 dan.xml, 0.072683, 3, 1, 3, 4, 2, 4, 1, 3, 1, 4, 2, 1, 3, 2, 3, 1, 3, 1, 4, 3, 2, 4, 2, 1, 3, 2, 4, 3, 1, 4, 2, 4, 3, 2, 1, 3, 1, 3, 2, 3, 4, 1, 4, 2, 0, 1, 3, 1, 2, 4, 2, 3, 4, 1, 2, 3, 1, 4, 2, 1, 3, 2, 4
112 dan.xml, 0.026218, 1, 3, 2, 1, 4, 2, 3, 1, 4, 1, 2, 3, 1, 4, 2, 4, 1, 4, 3, 4, 1, 4, 3, 1, 4, 2, 3, 4, 2, 3, 2, 3, 2, 1, 4, 2, 4, 1, 2, 3, 1, 4, 1, 2, 4, 3, 1, 4, 2, 4
113 dan.xml, 0.005306, 3, 1, 4, 3, 2, 4, 1, 3, 2, 4, 1, 3, 2, 1, 4, 2, 3, 1, 4, 1, 4, 1, 3, 1, 2, 4, 0, 4, 1, 4, 1, 3, 4, 2, 3, 2, 3, 2, 4, 1, 3, 2, 4, 3, 2, 4, 1, 4, 2, 3, 4, 1, 3, 1, 4, 1, 0, 1, 2, 3, 1, 4, 2, 3, 1
114 dan.xml, 0.008248, 1, 2, 3, 1, 4, 2, 3, 1, 2, 3, 1, 3, 2, 3, 4, 2, 3, 4, 1, 3, 2, 3, 2, 4, 2, 3, 4, 1, 3, 1, 4, 2, 4, 1, 4, 2, 4, 2, 4, 1, 3, 1, 3
115 dan.xml, 0.002449, 3, 1, 3, 1, 4, 3, 2, 4, 2, 4, 1, 3, 1, 4, 2, 3, 1, 2, 4, 3, 2, 1
116 dan.xml, 0.007855, 3, 1, 2, 4, 1, 3, 2, 4, 1, 2, 3, 1, 4, 3, 2, 4, 3, 1, 4, 2, 3, 1, 3, 4, 2, 4, 1, 4, 3, 2
117 dan.xml, 0.001687, 1, 3, 2, 1, 4, 2, 3, 1, 3, 2, 4, 3, 1, 4, 2, 4, 1, 3, 1, 2, 4
118 dan.xml, 0.009259, 3, 1, 2, 4, 1, 3, 1, 4, 2, 3, 1, 2, 4, 1, 3, 1, 3, 2, 4, 3, 1, 4, 2, 3, 1, 3, 4, 3, 2, 4, 1, 2, 3, 1, 2, 4, 1, 2, 3, 1, 3, 2, 4, 3, 1, 4, 2, 4, 2
119 dan.xml, 0.01147, 3, 1, 2, 4, 1, 3, 2, 1, 4, 2, 3, 4, 1, 3, 2, 3, 1, 3, 4, 2, 4, 1, 4, 2, 1, 3, 1, 2, 4, 1, 2, 3, 1, 3, 1, 4, 2, 1, 3, 2, 4, 1, 3, 2, 1
120 dan.xml, 0.005884, 3, 1, 4, 3, 2, 4, 1, 3, 2, 4, 1, 2, 3, 1, 0, 1, 3, 2, 4, 3, 1, 4, 2, 3, 1, 4, 2, 1, 3, 1, 4, 2, 3, 1, 4, 2, 4, 2, 1, 3, 1, 4, 2, 4, 1, 2, 4, 2, 4, 1, 3, 2, 3
121 dan.xml, 0.012097, 1, 3, 4, 2, 3, 1, 4, 1, 3, 2, 4, 3, 1, 4, 2, 1, 3, 1, 3, 2, 4, 3, 1, 4, 2, 3, 1, 3, 4, 3, 2, 4, 1, 2, 3, 2, 4, 2, 4, 2, 4, 3, 1, 3, 1, 3, 2, 4, 1, 2, 3, 1, 4, 2, 3, 1, 4
122 dan.xml, 0.002936, 3, 1, 4, 2, 3, 4, 1, 3, 2, 4, 1, 4, 1, 4, 1, 3, 2, 4, 1, 3, 2, 4, 1, 2, 3, 1, 4, 2, 3, 1, 4, 2, 4, 1, 2, 3, 1, 4, 2, 3
123 dan.xml, 0.005825, 3, 1, 4, 2, 3, 4, 1, 3, 2, 4, 1, 3, 2, 4, 1, 3, 1, 2, 4, 1, 3, 1, 3, 1, 4, 2, 4, 1, 2, 3, 1, 3, 2, 4, 2, 4, 1, 2, 3, 1, 3, 4, 2
124 dan.xml, 0.067316, 1, 3, 1, 4, 3, 2, 4, 2, 3, 1, 3, 1, 4, 1, 4, 3, 2, 3, 2, 4, 3, 1, 4, 2, 1, 4, 2, 3, 1, 2, 4, 1, 3, 2, 4, 1, 3, 0, 3, 2, 1, 4, 2, 3, 1, 4, 1, 2, 3, 2, 4, 2, 3, 2, 4, 3, 1, 0, 3, 2, 4, 2, 3, 4, 1, 3, 1, 4, 1, 3, 4, 2, 3, 1, 2, 4, 3, 1, 4
125 dan.xml, 0.062819, 1, 2, 3, 1, 3, 1, 4, 2, 4, 3, 1, 3, 2, 4, 1, 2, 4, 1, 3, 2, 4, 3, 1, 4, 1, 3, 2, 4, 3, 1, 4, 2, 3, 1, 2, 4, 2, 4, 1, 3, 1, 4, 1, 2, 3, 2, 4, 1, 2, 4, 3, 2, 4, 3, 1, 4, 2, 4, 0, 3, 1, 3, 1, 2, 4, 2, 4, 1, 3, 2, 4, 2, 1, 2, 3, 1, 3, 1, 4, 2, 4, 3, 1, 3, 2, 4, 2, 4, 1, 2, 3, 1, 3, 4, 2, 4, 1, 3, 4, 1, 4, 1, 4
126 dan.xml, 0.077144, 1, 2, 3, 1, 4, 2, 1, 4, 2, 4, 1, 3, 1, 4, 2, 0, 1, 4, 2, 4, 1, 3, 4, 2, 3, 1, 3, 2, 4, 3, 1, 4, 3, 2, 4, 1, 3, 2, 1, 4, 1, 3, 1, 3, 2, 4, 1, 2, 3, 1, 3, 2, 4, 2, 3, 4, 1, 3, 2, 1, 4, 2, 4, 2, 3, 1, 2, 4, 1, 3, 2, 0, 4, 2, 4, 3, 1, 3, 2, 0, 1, 2, 3, 1, 2, 3, 1, 4, 3, 2, 4
127 dan.xml, 1.425341, 1, 3, 4, 2, 3, 1, 4, 3, 2, 3, 1, 2, 4, 2, 3, 1, 2, 4, 1, 3, 2, 3, 4, 1, 4, 2, 3, 4, 1, 3, 2, 3, 4, 1, 2, 4, 3, 1, 4, 2, 1, 3, 2, 4, 2, 1, 3, 1, 4, 1, 4, 2, 3, 4, 1, 4, 1, 2, 3, 1, 0, 4, 1, 4, 3, 2, 3, 1, 4, 3, 2, 4, 1, 2, 3, 1, 4, 2, 3, 1, 2, 4, 1, 3, 2, 3, 1, 4, 3, 2, 4, 1, 4, 3, 2
128 dan.xml, 0.202204, 3, 1, 3, 1, 4, 3, 2, 4, 2, 4, 1, 3, 1, 4, 2, 1, 3, 2, 1, 4, 2, 1, 3, 2, 4, 2, 4, 1, 3, 4, 2, 0, 1, 3, 1, 4, 3, 2, 4, 2, 3, 1, 3, 1, 4, 2, 1, 3, 4, 1, 4, 1, 2, 3, 2, 4, 1, 4, 2, 3, 2, 3, 2, 4, 1, 2, 4, 2, 3, 1, 3, 4, 2, 4, 1, 3, 2, 4, 2, 1, 0, 3, 2, 4, 3, 1, 4, 2, 3, 1, 3, 2, 1
129 dan.xml, 153.041642, 1, 3, 1, 4, 3, 2, 4, 2, 3, 1, 3, 2, 1, 4, 2, 1, 4, 3, 2, 4, 2, 4, 3, 1, 3, 4, 2, 4, 3, 0, 3, 2, 4, 3, 1, 4, 2, 3, 4, 1, 3, 1, 4, 2, 1, 3, 2, 4, 1, 2, 3, 2, 3, 1, 4, 1, 3, 4, 2, 3, 4, 1, 3, 0, 3, 2, 3, 1, 4, 1, 2, 3, 2, 4, 1, 4, 1, 4, 3, 2, 1, 4, 2, 0, 1, 3, 1, 2, 4, 2, 3, 2, 4, 1, 2, 3, 1, 3, 4, 3, 2, 4, 1, 2, 4, 2, 1, 3, 2, 4, 3, 1, 4, 2, 1, 2, 4, 3, 1, 2, 4, 1, 3, 1, 4, 2, 1, 3, 4, 2, 3, 4, 1, 3, 2, 0, 1, 3, 1, 4, 3, 2, 4, 2, 3, 1, 4, 3, 2, 0, 1, 3, 1, 4, 3, 2, 4, 2, 3, 1, 3, 2, 1, 4, 2, 1, 4, 3, 2, 4, 2, 4, 3, 1, 4, 2, 1, 3, 2, 1, 4, 2, 1, 3, 2, 4, 1, 2, 3, 2, 3, 1, 4, 1, 4, 2, 1, 3, 2, 4, 3, 1, 4, 2, 1, 3
130 dan.xml, 0.051692, 3, 1, 4, 2, 3, 4, 1, 3, 2, 4, 1, 3, 2, 1, 3, 2, 3, 2, 3, 1, 4, 1, 2, 3, 2, 4, 1, 4, 3, 0, 1, 2, 3, 1, 4, 1, 4, 2, 3, 4, 1, 3, 1, 4, 2, 3, 1, 3, 2, 1, 4, 2, 4, 1, 4, 2, 3, 1, 4, 3, 2
131 dan.xml, 0.006344, 3, 1, 4, 3, 2, 4, 1, 3, 4, 1, 3, 1, 4, 2, 1, 4, 2, 3, 2, 1, 4, 1, 3, 2, 4, 3, 1, 4, 1, 3, 2, 1, 4
132 dan.xml, 0.024909, 3, 1, 3, 2, 1, 4, 2, 4, 1, 4, 1, 3, 1, 4, 2, 1, 4, 2, 3, 1, 2, 4, 1, 3, 2, 3, 1, 4, 3, 2, 4, 1, 4, 2, 4, 3, 1, 3, 1, 2, 4, 1, 2, 3, 1, 4, 2, 1, 3, 2, 0, 3, 2, 3, 4, 1, 4, 2, 3, 1, 4, 3, 1
133 dan.xml, 0.017637, 1, 3, 1, 3, 4, 2, 4, 2, 3, 1, 3, 1, 3, 2, 4, 3, 1, 4, 2, 0, 3, 1, 3, 1, 2, 4, 2, 4, 1, 3, 1, 3, 2, 4, 3, 1, 4, 2, 4, 3, 1, 3, 1, 3, 2, 4, 1, 3, 4, 2, 4, 2, 1, 3, 1
134 dan.xml, 0.023458, 1, 2, 3, 1, 4, 1, 3, 2, 3, 1, 2, 4, 1, 4, 2, 3, 1, 4, 2, 1, 3, 2, 4, 1, 2, 3, 1, 0, 2, 3, 4, 1, 3, 2, 3, 1, 0, 3, 1, 4, 3, 2, 4, 1, 0, 1, 3, 2, 3, 1, 2, 4, 1, 4, 2, 3, 2, 4, 3, 1, 4, 2, 3, 4, 1, 3, 2, 4, 1, 3, 4, 1, 3, 2, 1, 4, 2, 3, 1, 4, 2
135.xml, 0.026277, 1, 3, 4, 2, 3, 1, 3, 4, 1, 3, 2, 1, 4, 2, 3, 2, 1, 4, 1, 3, 2, 1, 4, 2, 1, 3, 2, 3, 4, 2, 3, 1, 2, 4, 1, 3, 2, 1, 3, 2, 1, 4
136.xml, 0.00427, 1, 3, 2, 1, 4, 2, 3, 1, 0, 1, 4, 3, 2, 4, 3, 1, 4, 1, 3, 4, 2, 4, 3, 1, 4, 3, 2
137.xml, 0.016852, 1, 3, 1, 2, 3, 4, 1, 3, 2, 4, 1, 2, 4, 1, 3, 1, 4, 3, 0, 4, 1, 3, 2, 4, 3, 1, 4, 2, 3, 4, 3, 4, 1, 3, 2, 4, 2, 4, 1, 3, 1, 2, 4, 2, 3, 1, 3, 4, 2, 3, 4, 1, 4, 2
138.xml, 0.022372, 1, 3, 4, 2, 3, 1, 4, 3, 1, 4, 1, 3, 4, 2, 3, 1, 4, 3, 2, 4, 0, 3, 1, 2, 4, 2, 1, 3, 2, 1, 3, 2, 1, 4, 2, 4, 3, 1, 2, 4, 2, 1
139.xml, 0.013156, 1, 4, 2, 3, 2, 1, 4, 1, 3, 2, 3, 1, 4, 2, 1, 3, 4, 1, 4, 2, 3, 4, 1, 3, 2, 1, 4, 1, 2, 4, 1, 2, 3, 1, 4, 3, 2, 4, 2, 1, 4, 2, 3
140.xml, 0.002184, 3, 1, 4, 3, 2, 4, 1, 3, 2, 4, 2, 3, 1, 4, 2, 1, 3, 1, 2, 4
141.xml, 0.034453, 3, 1, 2, 4, 1, 4, 3, 2, 1, 4, 2, 3, 4, 1, 3, 2, 1, 3, 2, 1, 4, 2, 3, 1, 4, 2, 1, 4, 3, 2, 4, 1, 4, 2, 1, 3, 2, 4, 3, 2, 4
142.xml, 0.018639, 3, 1, 4, 1, 4, 1, 3, 2, 4, 2, 1, 3, 1, 4, 2, 3, 2, 3, 2, 4, 1, 3, 2, 1, 4, 2, 1, 3, 1, 3, 2, 1, 4, 0, 1, 3, 4, 2, 3, 1, 4, 1, 4, 1, 3, 2, 4, 2, 4, 3, 2, 1
143.xml, 0.529196, 3, 1, 2, 4, 1, 3, 2, 1, 3, 4, 2, 4, 3, 2, 4, 1, 2, 3, 1, 4, 1, 4, 2, 1, 3, 2, 4, 3, 1, 4, 3, 2, 4, 1, 3, 4, 1, 2, 3, 4, 2, 1, 3, 4, 2, 3, 1, 4, 3, 1, 2, 3, 1, 2, 4, 2, 1
144.xml, 0.099522, 3, 1, 4, 1, 3, 4, 2, 3, 4, 1, 3, 1, 3, 2, 4, 3, 1, 4, 2, 1, 3, 2, 4, 2, 1, 4, 3, 4, 2, 3, 4, 1, 4, 2, 1, 3, 2, 0, 1, 2, 3, 1, 2, 4, 1, 3, 1, 3, 2, 1, 4, 2, 4, 2, 3, 2, 1, 4, 1, 2, 3, 1
145 dan.xml, 0.047895, 1, 2, 3, 1, 3, 1, 4, 1, 2, 3, 2, 4, 1, 4, 3, 2, 4, 3, 1, 2, 4, 1, 3, 2, 1, 4, 1, 3, 2, 4, 1, 2, 3, 1, 4, 3, 1, 4, 1, 3, 2, 1, 4, 1, 3, 2, 4, 3, 1, 4, 2, 4, 3, 2, 3, 4, 1, 4, 1
146 dan.xml, 0.033519, 1, 2, 3, 1, 3, 2, 4, 2, 1, 3, 1, 3, 2, 1, 4, 2, 3, 1, 2, 4, 1, 4, 2, 1, 3, 2, 4, 2, 3, 4, 1, 3, 1, 4, 2, 1, 3, 2, 1, 4, 0, 3, 2, 1, 4, 2, 3, 4, 2, 3, 2
147 dan.xml, 0.023074, 1, 3, 4, 2, 3, 1, 4, 1, 3, 2, 3, 4, 1, 4, 2, 1, 3, 2, 4, 1, 3, 4, 2, 3, 1, 2, 4, 1, 3, 2, 1, 2, 3, 1, 4, 2, 1, 3, 2, 4, 1, 3
148 dan.xml, 0.090844, 1, 3, 1, 2, 4, 2, 3, 1, 3, 1, 2, 4, 2, 1, 3, 2, 4, 3, 1, 3, 2, 4, 3, 1, 4, 1, 4, 2, 1, 3, 2, 3, 1, 4, 1, 2, 3, 2, 4, 1, 2, 3, 1, 4, 2, 3, 4, 1, 3, 2, 1, 4, 1, 2, 3, 2
149 dan.xml, 0.018972, 1, 3, 4, 2, 3, 1, 4, 1, 2, 3, 2, 4, 1, 2, 3, 1, 4, 2, 4, 3, 1, 3, 2, 4, 3, 1, 4, 2, 1, 4, 2, 4, 1, 3, 4, 1, 3, 1, 4, 2, 4, 3
150 dan.xml, 0.107595, 3, 1, 4, 3, 2, 4, 1, 3, 1, 2, 4, 3, 2, 3, 2, 4, 1, 2, 3, 1, 4, 1, 4, 3, 2, 3, 1, 2, 4, 1, 0, 2, 3, 4, 1, 4, 1, 2, 3, 2, 3, 1, 4, 2, 3, 4, 1, 3, 2, 4, 1, 2, 0, 1, 4, 3, 2, 4, 1, 3, 4, 2, 3, 1
151 dan.xml, 0.015302, 3, 1, 3, 2, 3, 1, 4, 2, 1, 3, 2, 4, 1, 4, 2, 4, 1, 3, 2, 4, 3, 1, 3, 2, 1, 4, 2, 3, 2, 4, 2, 1, 3, 4, 2, 3, 1, 3, 2, 3, 1, 4, 2, 3, 4, 1, 3, 0, 3, 1, 3, 2, 3, 1, 4, 2, 1, 3, 2, 4, 1, 4, 2, 4, 1, 3, 1, 2, 4, 2, 1
152 dan.xml, 0.0196, 1, 3, 2, 1, 4, 2, 3, 1, 3, 1, 4, 1, 2, 3, 2, 4, 2, 1, 4, 2, 1, 4, 2, 3, 2, 3, 1, 2, 4, 1, 3, 2, 3, 4, 2, 1, 3, 2, 1, 4, 2, 3, 1, 4, 3, 1, 4, 1, 4, 2, 3, 4, 1, 3, 2, 4, 1, 3, 2, 4, 1
153 dan.xml, 0.049349, 3, 1, 2, 4, 1, 4, 1, 3, 2, 1, 4, 2, 3, 1, 4, 3, 1, 3, 2, 4, 2, 3, 4, 1, 3, 1, 4, 2, 3, 4, 1, 4, 2, 4, 1, 3, 2, 3, 4, 1, 4, 2, 4, 3, 1, 3, 2, 3, 1, 4, 3, 2, 4, 1, 3, 2, 1, 3, 1, 2, 4, 1, 3, 4, 2, 3, 1, 4, 0, 4, 2, 1, 3, 2, 4, 2, 3, 0, 3, 1, 2, 4, 2, 1, 4, 1, 4, 3, 2, 3, 4
154 dan.xml, 0.023837, 3, 1, 3, 2, 4, 3, 1, 4, 2, 4, 1, 3, 2, 3, 1, 4, 3, 2, 4, 1, 4, 3, 2, 4, 2, 1, 4, 1, 4, 2, 3, 2, 4, 1, 3, 4, 2, 3, 1, 3, 2, 4, 1, 2, 3, 1, 4, 2, 1, 3, 2, 4, 3, 1, 4, 1, 3, 2, 4, 2, 4, 3, 1
155 dan.xml, 0.079298, 1, 3, 4, 2, 3, 1, 3, 2, 1, 3, 1, 2, 4, 1, 3, 2, 4, 1, 0, 3, 1, 3, 4, 2, 4, 1, 3, 2, 4, 3, 1, 4, 2, 3, 4, 1, 3, 1, 3, 2, 3, 4, 1, 4, 2, 3, 2, 4, 1, 2, 3, 1, 4, 2, 3, 4, 1, 3, 2, 3, 0, 4, 1, 3, 2, 4, 1, 2, 3, 1, 4, 2, 3, 1, 4, 2, 1, 3, 2, 4
156 dan.xml, 0.018611, 3, 1, 4, 1, 2, 3, 2, 4, 1, 4, 2, 3, 4, 1, 3, 1, 4, 2, 3, 4, 1, 4, 2, 3, 2, 4, 3, 1, 4, 1, 2, 3, 0, 3, 1, 4, 3, 2, 4, 2, 1
157 dan.xml, 0.04832, 3, 1, 2, 4, 1, 3, 1, 3, 1, 4, 3, 2, 4, 2, 0, 1, 3, 1, 3, 4, 2, 4, 2, 3, 1, 4, 2, 1, 3, 1, 4, 3, 2, 3, 2, 4, 2, 1, 3, 1, 4, 1, 4, 3, 2, 4, 2, 3, 4, 1, 4, 2, 3, 1, 2, 4, 1, 3, 2, 4, 1, 2, 3, 1, 4
158 dan.xml, 0.015911, 3, 1, 3, 2, 4, 2, 3, 1, 4, 3, 2, 4, 1, 3, 1, 4, 2, 4, 1, 3, 1, 4, 2, 1, 3, 2, 4, 1, 2, 3, 1, 3, 2, 4, 3, 1, 4, 2, 3, 1, 2, 4, 2, 4, 1, 3, 4, 2, 3, 1, 3, 2, 4, 2, 3, 1, 4, 2, 3, 1
159 dan.xml, 0.049504, 1, 3, 4, 2, 3, 1, 3, 1, 3, 2, 4, 1, 4, 2, 4, 1, 3, 1, 4, 1, 3, 4, 2, 3, 2, 4, 2, 3, 1, 3, 2, 3, 1, 4, 2, 4, 3, 1, 2, 0, 2, 1, 3, 2, 4, 1, 4, 2, 4, 1, 3, 1, 4, 1, 3, 2, 1, 3, 2, 3, 2, 3, 4, 1, 4, 2, 4, 2, 1, 3, 1, 3, 2, 4, 3, 1, 4, 2, 3
160 dan.xml, 0.002362, 3, 1, 2, 4, 1, 3, 1, 3, 2, 4, 1, 3, 2, 4, 1, 3, 2, 1, 4, 2, 3, 1, 4, 2, 4, 3
161 dan.xml, 0.003965, 3, 1, 4, 3, 2, 4, 1, 3, 2, 3, 1, 4, 1, 3, 2, 1, 4, 2, 3, 4, 1, 2, 3
162 dan.xml, 0.006669, 3, 1, 4, 3, 2, 4, 1, 3, 1, 3, 1, 4, 2, 1, 4, 1, 3, 4, 1, 3, 2, 3, 2, 1, 4, 1, 2, 4, 2, 1, 3
163 dan.xml, 0.018075, 3, 1, 2, 4, 1, 3, 1, 3, 2, 1, 4, 2, 3, 4, 1, 3, 2, 3, 1, 4, 2, 3, 4, 2, 3, 2, 4, 1, 3, 4, 2
164 dan.xml, 0.001048, 3, 1, 3, 1, 4, 2, 3, 1, 4, 3, 2, 4, 1, 3, 2, 4, 2, 4, 1, 3, 1, 3, 1, 3, 2, 1, 4, 2, 3, 1, 4
165 dan.xml, 0.019108, 1, 3, 1, 3, 2, 4, 2, 1, 3, 1, 4, 2, 4, 2, 3, 1, 3, 2, 4, 3, 1, 3, 1, 3, 2, 4, 1, 3, 2, 1, 3, 2, 4, 3, 1, 4, 2, 4, 3, 1, 3, 2, 3
166 dan.xml, 0.026205, 1, 2, 3, 1, 3, 1, 4, 2, 4, 1, 3, 2, 4, 3, 2, 1, 4, 2, 3, 4, 1, 3, 2, 4, 1, 3, 2, 4, 3, 1, 4, 2, 3, 1, 2, 3, 1, 4, 2, 1, 3, 2, 3, 1, 4, 2, 3, 4, 1, 3, 1, 4
167 dan.xml, 0.034215, 3, 1, 3, 4, 2, 4, 1, 3, 1, 4, 2, 1, 3, 2, 4, 1, 3, 2, 3, 1, 2, 4, 1, 4, 2, 1, 3, 1, 4, 2, 3, 1, 4, 3, 2, 3, 1, 3, 2, 4, 3, 1, 4, 2, 4, 1, 4, 1, 4, 2, 1, 3, 2, 3, 2, 3, 2, 4, 2, 4, 3
168 dan.xml, 0.011523, 3, 1, 3, 2, 4, 1, 2, 3, 1, 4, 2, 4, 1, 3, 2, 4, 3, 0, 1, 3, 2, 1, 4, 2, 3, 1, 3, 2, 4, 1, 4, 2, 4, 3, 1, 3, 2, 4
169 dan.xml, 0.002621, 1, 2, 3, 1, 3, 2, 4, 3, 1, 4, 3, 2, 4, 1, 4, 2, 3, 4, 1, 3
170 dan.xml, 2.081446, 1, 2, 3, 1, 4, 2, 3, 1, 2, 4, 1, 3, 4, 2, 3, 4, 1, 3, 2, 1, 4, 2, 3, 4, 1, 3, 1, 2, 4, 2, 4, 2, 1, 3, 2, 1, 3, 2, 3, 1, 2, 4, 2, 1, 3, 2, 1, 4, 2, 3, 4, 2, 3, 2, 3, 2, 1, 4, 1, 2, 3, 1, 0, 4, 2, 4, 3, 1, 3, 1, 4, 2, 1, 3, 1, 4, 2, 1, 3, 2, 4, 1, 2, 3